8903378191936920216 3 -4404.0 -1
7607028817745903639 3 2959.0 -1
42099622830353413 3 -5979.0 -1
8063104835353205054 3 -8534.0 -1
3522504971336218492 3 1082.0 -1
9207316698546002515 3 -2705.0 -1
5504772814996063185 5 -5352.0 -1
6905868859781912413 5 -3479.0 -1
3173983037493050427 4 1185.0 -1
3041139202014914114 5 956.0 -1
720005957067549020 3 5306.0 -1
6345843533709188072 3 -517.0 -1
7816565107388468593 4 -2223.0 -1
4536590764120755990 3 5330.0 -1
339920820688705903 4 -1820.0 -1
1369919444299124995 3 -5727.0 -1
8434074541751543415 3 206.0 -1
9170544326629631651 3 974.0 -1
4908342138882002485 3 3319.0 -1
2080115131430444692 2 -4111.0 -1
4113520619456946160 3 1707.0 -1
6042295130921028102 3 -815.0 -1
7739928769469441149 3 -9899.0 -1
3158897671684117187 3 -7667.0 -1
8024305645734156593 3 -8452.0 -1
6839134073312110567 2 -580.0 -1
8272095264374957418 3 -1986.0 -1
1542407975267635004 3 2123.0 -1
5138343557174336270 3 -3779.0 -1
3719041913361855991 4 -7404.0 -1
2240975046797579311 3 -6864.0 -1
6326824528621663786 2 2156.0 -1
1191366806758679308 5 -1000003.0 -1
6068569064336696236 3 96.0 -1
1742211470932461816 2 -8068.0 -1
8041412217252335580 3 -5851.0 -1
6687452676942731303 5 -3479.0 -1
6425216088504297968 1 -2232.0 -1
3731497108877857877 2 -6430.0 -1
26630564194815048 3 -397.0 -1
6395738309829411626 3 -8018.0 -1
3172124191700681680 4 -2839.0 -1
4952444828593657259 3 -5312.0 -1
653959193401855334 1 429.0 -1
6087573580740833501 3 -1998.0 -1
5610604913776192079 3 -6569.0 -1
7855056302585722140 3 -7374.0 -1
4677968285360169091 3 -4660.0 -1
4853575014616291624 4 -2134.0 -1
1127389531160621669 4 -4814.0 -1
1259363707138473144 4 -4888.0 -1
3058468297053261117 3 -2700.0 -1
2940711194926375497 3 -3007.0 -1
1496769474049260567 4 -662.0 -1
6086042109714059658 2 -3130.0 -1
4338528685357374736 5 -1679.0 -1
5611993324123845858 3 6990.0 -1
1623995153397394994 4 2692.0 -1
7264495900448278443 4 -3007.0 -1
899608738874583316 3 637.0 -1
2021202236932933206 1 2999.0 -1
7636792622417595798 4 -3418.0 -1
5338369724512848685 6 -2473.0 -1
6479194478456890738 3 -2548.0 -1
6457907615620360068 3 -360.0 -1
3513871552149000946 4 358.0 -1
6275763174977608158 3 1983.0 -1
6712597787903911099 5 -3445.0 -1
4542907639927006855 1 -1000003.0 -1
5297977389016032291 4 -424.0 -1
1276883771176748643 3 -1239.0 -1
2845125974334514757 4 -1098.0 -1
2110904313899027057 4 -4603.0 -1
451373374992173362 5 -1317.0 -1
81323563100378547 4 -706.0 -1
2419062242891034636 3 -5464.0 -1
6646666310312106125 3 -2697.0 -1
4512097839252438839 3 -9116.0 -1
4342632935179233393 3 2640.0 -1
3083003310308343415 3 508.0 -1
3672387700370522139 2 -6441.0 -1
6437693226821638095 2 -2400.0 -1
2112871255072277299 4 -2329.0 -1
3778141943584985853 3 -9338.0 -1
74383823801406182 3 -1872.0 -1
1356799366154505717 3 -3808.0 -1
7914625677228468801 3 -10799.0 -1
5212473885672626776 4 402.0 -1
8456677705523712146 4 -3691.0 -1
1854920180226749279 3 -6351.0 -1
952119890993958009 1 -1892.0 -1
2132323092387887050 3 -3127.0 -1
4490425876061266935 6 -320.0 -1
4584637185058346273 0 -163.0 -1
3927870958072780073 4 -3098.0 -1
6999300545630958749 3 -1239.0 -1
7632425346447032535 3 -2926.0 -1
2334880939899208122 3 1563.0 -1
4186363393292890273 3 -1950.0 -1
3393751024687493142 3 -2590.0 -1
841678733859341917 5 -1000003.0 -1
8124934015347783677 5 -488.0 -1
8995133425133867963 2 2375.0 -1
8050793207514578801 4 -8774.0 -1
7507311686862852741 2 -1000003.0 -1
2129021748151079517 3 2943.0 -1
7360692456822436266 3 1791.0 -1
5144015634228446886 3 -3573.0 -1
5028962003471661271 2 558.0 -1
7531517356337587098 2 -4867.0 -1
6823671193553963575 2 -2381.0 -1
5314544403717206576 4 -4354.0 -1
5405513919404477912 3 -1691.0 -1
5116665578066555403 3 -1208.0 -1
717724794658695581 4 4053.0 -1
6098033645623666233 2 -1346.0 -1
1777353185490161789 2 3261.0 -1
6936105625446908252 1 699.0 -1
9124747119042759104 3 -6523.0 -1
3814871495008163391 1 -1159.0 -1
1718316609597650341 3 -6645.0 -1
1788682683803944345 5 -5783.0 -1
389777194311834112 6 -2943.0 -1
1335888632932233187 2 -9270.0 -1
7538154669141802919 4 3956.0 -1
7049023909187320520 2 -1000003.0 -1
1429366347657945836 3 -9036.0 -1
6554377849222067232 5 -4355.0 -1
4544510190302607466 4 -102.0 -1
4201884974200335654 2 2159.0 -1
5680973372142879059 3 -3580.0 -1
9073044252206609880 4 923.0 -1
3312805307148677685 2 -10595.0 -1
8379800689118616401 4 -1000003.0 -1
866789227331477821 2 -5812.0 -1
8899582219020084292 4 -43.0 -1
1711520462420847444 5 -7667.0 -1
8977718524380356064 3 -11692.0 -1
2135768422546935142 2 -2498.0 -1
8544702990156746928 3 -6757.0 -1
7282065952477414068 5 -2014.0 -1
2447803732584132659 4 -3307.0 -1
5349024037376299819 1 -2683.0 -1
4031288486208704418 4 -107.0 -1
7279399662496908955 3 -912.0 -1
7125449783554953559 3 -5027.0 -1
1834501398977505009 3 -5816.0 -1
5369648396375782066 2 -1621.0 -1
5671775285642612729 3 1514.0 -1
7617451301714220128 2 -1027.0 -1
6454633302448506189 3 -8441.0 -1
8801851867647963787 1 -6960.0 -1
2569963050789332621 3 -3225.0 -1
5345826452782637780 1 206.0 -1
470002386432420889 3 -4849.0 -1
3215555204043386639 3 -5663.0 -1
3971528076391020593 3 -9697.0 -1
1053073216125670765 5 -1246.0 -1
5065519206887198870 3 -1273.0 -1
1120357058587077301 3 -814.0 -1
8525787191089754422 4 3396.0 -1
5875127434344256040 6 -6523.0 -1
8568509355036869244 2 -4181.0 -1
8574383600152389842 3 1050.0 -1
4151073094327808941 4 -3220.0 -1
4803778326282531664 3 -1064.0 -1
4976458104588840457 3 -5878.0 -1
2052746351863148090 3 -5765.0 -1
6142978160422258758 4 -1830.0 -1
8904622359225152694 1 -4494.0 -1
8452709427899685975 3 -5247.0 -1
4637761070714688049 3 -2221.0 -1
2163319408175520106 3 -3442.0 -1
4652564745527755957 4 1000004.0 -1
5837726013085359241 4 3933.0 -1
1978909482531139143 1 -3291.0 -1
8181080092186429008 3 247.0 -1
5436373453009206460 2 4347.0 -1
6613582885477934755 3 -2878.0 -1
8391273758358421126 4 670.0 -1
7360601998104544861 4 -7478.0 -1
6149265447670875005 2 1249.0 -1
364973058502064876 3 -567.0 -1
559318511713553662 2 1441.0 -1
6601517832678450223 3 -7038.0 -1
5805698077623855036 4 -2662.0 -1
7128585591931036099 1 567.0 -1
8924792494110696788 2 -5733.0 -1
4628115705856409224 3 -7154.0 -1
258972387148497284 2 -626.0 -1
914677921459460210 3 1295.0 -1
3172926984910793370 4 557.0 -1
4510813904838851983 1 -6.0 -1
1648183037059820071 3 -2496.0 -1
1312568144180517678 4 -9787.0 -1
1844474415379363797 5 -1331.0 -1
7190333982520191597 3 -914.0 -1
9039448153068708989 3 -4867.0 -1
1143409598909698027 5 -4128.0 -1
950017254518718741 2 -6905.0 -1
3082277427597883034 3 -6210.0 -1
8553431084695339884 3 -9036.0 -1
5975523178766392238 4 -3064.0 -1
996332234651657738 5 -3511.0 -1
3256673731337824155 3 -4771.0 -1
1777341525410366893 3 -6786.0 -1
226485485529512864 2 -6829.0 -1
4340789654727732905 4 -1656.0 -1
7160275820353427920 4 2413.0 -1
5548031596202068087 1 956.0 -1
1935461995834509268 3 -2327.0 -1
5447084847532499921 1 -1542.0 -1
8618092833502621440 2 748.0 -1
2453849618094844242 3 -4159.0 -1
2788516190356516865 3 -1611.0 -1
7483991041463714282 4 2157.0 -1
6928121438183665034 3 -4646.0 -1
7464725760091569603 4 -1369.0 -1
420976110695562137 3 1724.0 -1
4996421383814293066 5 1758.0 -1
5106709582137956682 6 1301.0 -1
5272878549491187382 3 -4636.0 -1
8826671956108044561 3 -690.0 -1
4920816305538364856 6 -1656.0 -1
5074067247967491100 3 -3118.0 -1
7593716893466263520 3 -1171.0 -1
9010086938693161172 6 932.0 -1
6805109676136835788 4 -10960.0 -1
8824467664402181568 2 1079.0 -1
6217840432766922939 4 1065.0 -1
3293569427790853494 2 557.0 -1
8806455170848508662 2 1125.0 -1
1052947769225159174 3 -6094.0 -1
7675727946228329695 3 -6925.0 -1
3201985096288254217 5 4274.0 -1
5712256722650738647 3 -7919.0 -1
1876097568685654134 3 1515.0 -1
4613336386194563151 2 -3525.0 -1
2739885475712880256 4 -8964.0 -1
686238667209832590 3 1391.0 -1
727007477159372428 4 -4800.0 -1
3371446311847930101 3 2236.0 -1
6328926594403089222 3 -2763.0 -1
8927463540754922387 5 -972.0 -1
5187213833012340605 4 -1789.0 -1
7091795713442257222 4 -772.0 -1
7697312186486459243 3 -5677.0 -1
8638669676737579934 3 588.0 -1
1903936393754946717 3 410.0 -1
1658546350118553630 2 -4459.0 -1
210272314100392379 3 -5389.0 -1
2210155827012191022 6 -3660.0 -1
9180382348823906243 3 -1000003.0 -1
3232651094270281665 2 -974.0 -1
4311609399940738905 3 1033.0 -1
5185727383923534591 5 -512.0 -1
7546711157425008320 2 -3723.0 -1
7158319111229926593 4 -3310.0 -1
4165597485353454256 2 4193.0 -1
3796171582011687049 3 -5166.0 -1
1406483020195033698 4 -4161.0 -1
6898012405154383132 2 -1830.0 -1
2778831745586500097 3 -2907.0 -1
9051693427364232333 3 -4207.0 -1
7054479372986765735 1 -272.0 -1
7865062307540219785 4 -6283.0 -1
1679966708364962659 3 -1658.0 -1
5571290105645008745 3 -584.0 -1
224682522591555509 2 2354.0 -1
1715627644634717616 1 -1762.0 -1
2612599331761859567 4 -3640.0 -1
3677274223180844153 2 -3755.0 -1
458809766934665012 3 -5122.0 -1
5425254008995449735 3 -7894.0 -1
1349128995598962867 4 2201.0 -1
9095737077081632422 1 212.0 -1
7264438151753204187 3 -3634.0 -1
6532737444126415409 2 2018.0 -1
4592249805797932566 5 -1168.0 -1
4698641566928230533 2 -3134.0 -1
6458704336114444053 2 908.0 -1
4419199634802461708 1 3525.0 -1
215554689947098179 4 -2432.0 -1
5110905881696206170 3 -7912.0 -1
6886566836390794627 3 -1712.0 -1
7569485966441414770 4 585.0 -1
3505271822878686795 2 -2421.0 -1
280849498069981213 4 -2092.0 -1
1328481600050827054 2 -1000003.0 -1
7837411070187990735 3 1586.0 -1
4618540364052284639 3 2400.0 -1
8937179644863508324 4 368.0 -1
5350543759384604325 3 982.0 -1
1655111462742272529 5 -1968.0 -1
2205066637182134565 5 -4016.0 -1
3156935435582026344 2 -5755.0 -1
1231052261498004914 2 -1715.0 -1
441996154382182310 2 -821.0 -1
69247333312871687 3 -5846.0 -1
6211027844636869081 2 -4814.0 -1
2817153727517272328 3 -5031.0 -1
8358706803867938709 3 2315.0 -1
6926478425441713285 2 24.0 -1
3028525428391333498 1 -1653.0 -1
2938443404287157496 2 -860.0 -1
1664100333884960137 2 -2684.0 -1
5021224554807145629 0 -7414.0 -1
4690953160389607864 2 1000004.0 -1
7628986771611448432 2 -3407.0 -1
3915394342098610259 3 -5702.0 -1
5890959615263063569 2 1637.0 -1
2648523616810128629 5 3953.0 -1
5555114220005470580 3 1357.0 -1
2647163927062098906 3 -1096.0 -1
218705813528908365 3 2134.0 -1
9046653090396564607 4 -167.0 -1
6098655797058462131 2 -3633.0 -1
5501326243817764152 1 -1168.0 -1
2266230787190004142 2 7805.0 -1
8174361631124532112 4 -2033.0 -1
7515072874639843477 3 -6779.0 -1
699178284206218555 2 -1409.0 -1
5669575978926900025 4 -1185.0 -1
2394082903788491371 3 -6283.0 -1
4962601836248276431 4 -1853.0 -1
5929135439848757147 3 -3466.0 -1
8563613391629968370 3 3528.0 -1
1622725376182528823 3 -2499.0 -1
5952229104187337040 3 -6174.0 -1
6162767208154620716 2 -2140.0 -1
4205328352475281917 3 -2197.0 -1
910647238183146169 2 -5608.0 -1
1919574345844671809 2 -6033.0 -1
5984784438064896974 3 -3211.0 -1
5809412285256941680 2 1217.0 -1
4831501147495010997 3 -119.0 -1
191222963233496403 1 1577.0 -1
2510174753526617484 3 -4218.0 -1
6504214787739858514 2 -526.0 -1
2767802749366399797 3 -3479.0 -1
7733391708197471730 3 -3191.0 -1
4657829523332324608 3 4048.0 -1
5036379257296083726 3 -5672.0 -1
5444384213640261309 3 -6216.0 -1
6235232792751260182 3 2331.0 -1
8555972153589928901 4 -4629.0 -1
8500779324749315040 4 -2815.0 -1
3145278155449613279 4 -495.0 -1
1467093647441939023 6 -2868.0 -1
8855620841461104372 2 1673.0 -1
4358537353185175803 1 -5213.0 -1
5048229253719927681 4 -6148.0 -1
522744981085887688 5 2024.0 -1
8570373266311981337 4 2265.0 -1
6227442543744112232 2 -4931.0 -1
4823984502740073499 2 -1655.0 -1
9204756357827668023 2 2496.0 -1
6256396859029586637 3 -459.0 -1
6707601134410916791 3 -2348.0 -1
5896728926712333076 4 -7392.0 -1
8934829208709518528 2 -2827.0 -1
8042331116426905644 3 297.0 -1
1356852589156793890 3 -7501.0 -1
6210604846170105793 2 1418.0 -1
7269222002379368782 3 -7676.0 -1
9158621255487791397 3 -4519.0 -1
4656288893809538970 2 -5640.0 -1
2350005629492698670 4 -7236.0 -1
8517326876571130495 3 -2263.0 -1
4381367501563139910 3 -5181.0 -1
1259552161051911290 3 -1438.0 -1
8074765149299152551 3 6529.0 -1
9003764396391944618 3 -3428.0 -1
6210107108348722417 6 -6130.0 -1
8734603540181738985 5 2475.0 -1
4595656063870875882 2 -1236.0 -1
1187049154498882905 3 -8290.0 -1
624341284901930669 3 -4341.0 -1
4604024809657132120 1 -2430.0 -1
66810079069322229 5 -888.0 -1
8116928114349063095 1 -9121.0 -1
246002456270921035 1 2322.0 -1
8749615246226960833 3 -1666.0 -1
622716777220394742 3 -3306.0 -1
3972636632849780574 3 -4919.0 -1
5868217159690243482 2 7255.0 -1
4006068111858162499 2 4412.0 -1
7732230393593930827 4 -6443.0 -1
1965523989734310474 2 -371.0 -1
125898584361194371 3 -7600.0 -1
5294398985011461334 3 1565.0 -1
195922612841902456 2 -2926.0 -1
1087557889985851468 4 -1152.0 -1
2463337799364951986 6 -6283.0 -1
5575396698941723283 3 -4731.0 -1
3992827829647206016 0 -6153.0 -1
6905376767927450254 1 -6348.0 -1
2902061107724790360 1 -2143.0 -1
7944038349058036894 3 1940.0 -1
7569975749655144087 3 -7853.0 -1
8983896554269855530 4 -1000003.0 -1
6729750542160805668 3 -2564.0 -1
7936034347006605177 2 -6370.0 -1
5817059918200746847 4 -3699.0 -1
3836592386502443246 3 -6162.0 -1
3237267535260029699 5 -1209.0 -1
5216641546292419873 3 -1443.0 -1
4140222040413397040 5 -5426.0 -1
3259954167747072383 1 -6287.0 -1
3359327435863758372 3 1217.0 -1
6574914733089920566 0 -7693.0 -1
1894348988128779200 1 -3082.0 -1
4328317972435331837 2 -5201.0 -1
8546273723875350836 1 -2017.0 -1
8803984640345451354 3 -1000003.0 -1
8438767166613499646 4 -298.0 -1
3380455129352548411 0 1000004.0 -1
4315270786143469784 3 -9279.0 -1
4545451877422793341 3 3056.0 -1
8069424289652999062 3 -1661.0 -1
8214125621307066834 2 -2133.0 -1
8743688260649463126 0 -1791.0 -1
3213710355010043428 2 -681.0 -1
8435665439079319844 6 1000004.0 -1
6672003702172370670 5 -10616.0 -1
5568388149052882406 3 -1861.0 -1
8768610517628739596 2 1843.0 -1
2193618013434808283 4 -3249.0 -1
5118789695747140883 4 -574.0 -1
5158083991256853393 3 -4540.0 -1
2798458394391129809 5 -4578.0 -1
6036117014028118043 2 -3472.0 -1
1728870613311854269 3 -5313.0 -1
7449721256772358541 2 1000004.0 -1
3488019415823686624 5 -5331.0 -1
6438544604522693895 3 -1288.0 -1
7473467338865144780 1 2430.0 1
6257507644014940053 5 414.0 1
4518650420561805935 2 -5247.0 1
7180973545406704308 3 -1234.0 1
65502694888081175 2 -1317.0 1
5353699937276558360 0 6922.0 1
2178141979663578774 3 2496.0 1
5943629182167179530 3 897.0 1
7525128396045012324 2 557.0 1
451790082224874098 3 -428.0 1
6403171981635450144 4 768.0 1
1863633080578227611 3 -440.0 1
3565334841521104073 2 6035.0 1
3843833063481906563 3 313.0 1
5005998889382725390 3 -522.0 1
3425497675223511238 5 2502.0 1
3759690803192679492 3 9229.0 1
6012723988692328122 2 557.0 1
4719973910191888234 3 5554.0 1
4762645266373700206 1 804.0 1
4559681455630241427 1 3089.0 1
4567113096862232831 3 3396.0 1
3010589219521179823 5 -2344.0 1
4334202950295350351 3 4913.0 1
7529015294356067536 5 4104.0 1
8262506863397753386 5 -272.0 1
6339920457579332207 2 3060.0 1
3914561016038139367 4 1109.0 1
4083126893569184474 3 786.0 1
9126432822643626376 1 1065.0 1
7221218087236798849 3 74.0 1
8813868704848195867 2 2391.0 1
8841890768902503173 3 1799.0 1
6464972863032172670 4 5387.0 1
2702622404074515546 4 719.0 1
3325353688424958837 3 3623.0 1
1158239519207741404 3 2907.0 1
4849108424807809647 4 -4128.0 1
6896615755363084357 2 4578.0 1
4787817970051580032 2 1000003.0 1
6871654274827677522 2 2068.0 1
6299761848774734432 3 2868.0 1
6407616917020383432 1 1726.0 1
7166700823164940918 4 5277.0 1
3710068627130187399 3 2705.0 1
4167047284474251573 3 5306.0 1
2216858220425328642 2 2401.0 1
1922225525124068768 3 4896.0 1
9051217396207499975 2 -580.0 1
3106627864386700487 4 566.0 1
7338412955724506025 2 6703.0 1
6036863062103050802 2 10273.0 1
7604497106957972016 4 2957.0 1
1609980787320442373 4 -670.0 1
3614365204793307977 3 4827.0 1
7535958585499366690 3 -1331.0 1
1195134796834112817 4 5018.0 1
6645428027416633691 1 1000003.0 1
5412267348696752391 2 1393.0 1
2901404479806805690 3 1217.0 1
2513967160567325129 5 7897.0 1
2083267273131491903 3 6018.0 1
8120285328223241779 0 5919.0 1
7287679373340408811 5 4885.0 1
6794873195686422843 4 -1373.0 1
3021859127562634877 3 -841.0 1
6001556818453046706 2 1000003.0 1
7840296039186412301 3 1000003.0 1
8419455468837817168 2 6219.0 1
8054420053586020397 3 1226.0 1
7014834283835911667 2 1000003.0 1
3986990239766060140 6 5057.0 1
1849071382406264144 3 4747.0 1
8575583859765332609 4 1798.0 1
1193797282701054864 1 5277.0 1
1878062109837918573 4 1000004.0 1
5827619823012718657 5 6286.0 1
6803482292140305194 4 6453.0 1
7603447114237736890 4 5082.0 1
5340205930829178215 5 2280.0 1
817603232837907310 4 3509.0 1
3163375411894602906 2 -1490.0 1
8363963718005525828 4 987.0 1
3813935713589602325 2 4591.0 1
9214177005405699125 3 3087.0 1
2743929457982404628 3 -2197.0 1
3222704549850387032 3 4051.0 1
3621762465143387834 2 6854.0 1
4587708380027381073 4 -1823.0 1
7887433689940450331 2 -532.0 1
6349449327703168669 4 -646.0 1
2439594936559275152 4 -460.0 1
4705067667491766980 3 4578.0 1
9029022012075716111 3 2692.0 1
6059451479427777928 4 1000003.0 1
5121142536490754725 3 1577.0 1
8966951713648289389 2 2134.0 1
7388531542311429735 3 2489.0 1
375530591634986508 4 982.0 1
755313681819023555 4 -42.0 1
7188728009616221950 4 2379.0 1
1488878412960663874 4 6394.0 1
3725211452168569655 3 7185.0 1
2769971198231557214 2 206.0 1
1610204367080179644 2 7438.0 1
1517742252734865641 3 1479.0 1
346687154565931733 3 489.0 1
8920955668641989985 2 1320.0 1
2629501500913096879 4 2166.0 1
8696280569637271132 3 5468.0 1
680567334267574628 3 5033.0 1
2163492287918108380 3 -194.0 1
9045635183132747539 3 348.0 1
4273853412319199259 3 -318.0 1
6716742425836673255 4 1250.0 1
7535887630650643399 4 1876.0 1
523616447468629643 3 1000003.0 1
2157228317617558412 1 3624.0 1
7401501760632733487 3 1000003.0 1
9076508646854366783 3 1000003.0 1
8337615596985190083 3 -2177.0 1
7078368313880199610 3 6219.0 1
5166517589026214411 2 4154.0 1
7366606464087367776 4 2475.0 1
2458500640105090571 3 2621.0 1
4807942401371060750 3 7525.0 1
8998664968808916798 3 2156.0 1
4959734105510076478 3 6485.0 1
6344332125774485240 4 -984.0 1
3966608319262951532 4 1893.0 1
2150195922035595679 2 7923.0 1
3276681969167242966 4 6974.0 1
7937480003566275483 3 3492.0 1
1555959512246709199 0 6500.0 1
3643827849787286621 1 792.0 1
6819729053966462508 2 1637.0 1
5769194651857142173 2 -1074.0 1
273797026252673943 3 1853.0 1
1819892931982062151 4 1000003.0 1
960731421680761685 3 1523.0 1
6513020598082963493 2 1065.0 1
5165798647820481221 2 4631.0 1
4263795315505818975 5 3623.0 1
4708735232718042014 2 -1027.0 1
3421042873804621031 0 3398.0 1
5464917094281737385 3 -2827.0 1
5645769085383513380 6 2703.0 1
6953106076510765586 3 1890.0 1
4724245129419939539 3 4190.0 1
4873959335306495352 3 -281.0 1
5776720598147729915 4 1125.0 1
2198029774834524804 5 1714.0 1
1656597900999119581 4 -293.0 1
7324708416288388335 4 1506.0 1
981673167862952584 2 35.0 1
921131419115676196 1 3087.0 1
6121149840751928577 2 1829.0 1
3391909060586345358 4 5771.0 1
5912294770535433027 3 1000003.0 1
1090447918952138478 1 -3080.0 1
2091714494105414484 2 1365.0 1
7755327445651860631 6 4225.0 1
8459195863506134702 3 1050.0 1
4003709962679513725 3 2587.0 1
8300707648738701189 3 1396.0 1
8396039259312414167 1 11174.0 1
4645020722761097133 3 1000003.0 1
8770298112182876228 1 -3633.0 1
6660648205576630075 4 2379.0 1
891566819612857783 2 -522.0 1
242830247383679456 4 2475.0 1
6676395562966881613 0 4051.0 1
4679696043399497020 6 5795.0 1
8682491654164833906 5 6018.0 1
3497361058600191322 3 1000004.0 1
7475515823916095315 2 4827.0 1
7969497988209105916 3 1000003.0 1
3398507858015690136 3 -1185.0 1
148103565597274103 3 5921.0 1
8825396888695605233 1 -11.0 1
5149157453439332079 3 -1331.0 1
964958661431275608 0 1506.0 1
5581888600832615359 1 -2757.0 1
3862963200463483065 2 3723.0 1
2653334899783615579 3 2770.0 1
4897988351328133670 2 -3487.0 1
3669288481526583761 2 7559.0 1
2531534986712860592 3 982.0 1
7268349986553892502 3 4604.0 1
2221091336614064513 5 3985.0 1
6338109448605721400 3 206.0 1
8297183274493691792 3 2018.0 1
1762693904353982015 4 4420.0 1
8053439023690664982 1 7306.0 1
202935737029456480 2 2874.0 1
8834820886081188057 3 1927.0 1
479276396188993406 4 -943.0 1
1553276474827024035 3 368.0 1
2021947114763773055 4 982.0 1
3103419005139960122 2 1000004.0 1
5460067629907533581 2 6570.0 1
5426426991839060182 2 871.0 1
877817755447493732 4 6990.0 1
2573637945513356295 2 -3479.0 1
38034947780323654 3 -3660.0 1
8705241966871054778 1 4716.0 1
7546214646340935721 2 5341.0 1
646683903606922345 3 2925.0 1
6029755982478020131 3 3553.0 1
3321452586696608241 4 1000004.0 1
7856980900373413878 4 -381.0 1
2978972817097454076 3 4348.0 1
3608460611315306071 5 1000003.0 1
5776902178730528213 3 1432.0 1
2181177790182704658 2 2846.0 1
75857353647439792 4 2781.0 1
3062565803725781005 5 3137.0 1
5944665966301062940 1 5629.0 1
3018544304398822429 2 5908.0 1
8536340281343253974 3 -4800.0 1
6250219511818019464 2 1000003.0 1
4810885075070667421 1 5914.0 1
7767140411033211431 3 3486.0 1
4131190774282712623 3 746.0 1
6013919679549098011 2 1185.0 1
5608722333914114802 4 -2496.0 1
6863843814006793004 3 -691.0 1
243536758807895847 2 -1188.0 1
2386389956216030920 2 -3479.0 -1
2179759377943636208 3 -3582.0 -1
218121753057109457 2 2379.0 -1
8046016492718764829 3 -5934.0 -1
8766410377455741544 1 1061.0 -1
5311278245622631368 3 -2697.0 -1
2642108582084754126 4 2018.0 -1
8568311697285604221 3 586.0 -1
5291520115045856706 3 1217.0 -1
8238234524327645204 1 -1068.0 -1
4919179758197651855 1 -2401.0 -1
7156116773089060517 3 441.0 -1
1456341319918547300 3 -3080.0 -1
4184510941038487122 4 -185.0 -1
4895842334205106513 3 -3573.0 -1
1122211587650317251 3 -3562.0 -1
576102999402755509 4 -4494.0 -1
1312930525582866783 3 2123.0 -1
465690139992456519 3 -86.0 -1
8350068108999961526 4 -259.0 -1
742126276051717006 3 1327.0 -1
6770117714821170589 4 -42.0 -1
2217793085748216246 3 -1331.0 -1
3578135222445439145 3 -1239.0 -1
6602700789147564346 2 4827.0 -1
4898964296519010838 3 -2511.0 -1
6562164146644290225 5 5387.0 -1
7561129062751505825 3 -691.0 -1
2387376963286849551 2 -1027.0 -1
1589652712012065332 2 -1157.0 -1
2208497913863458480 3 982.0 -1
1671350001099927956 2 -1490.0 -1
44043901026400294 1 2315.0 -1
967540751904934497 3 -293.0 -1
3668998446241422558 4 -1820.0 -1
4046317280982594747 3 -3479.0 -1
4031081037779353420 3 -3660.0 -1
5685415122150805538 1 1123.0 -1
8169852411901560477 2 5621.0 -1
7045260585108641237 3 -2657.0 -1
1496423849915875121 4 -4128.0 -1
2047279889650500346 3 -33.0 -1
2589259327127114821 2 -578.0 -1
6362189745324776944 3 -1168.0 -1
8877236285926416741 4 -2700.0 -1
4676610281529534715 2 2354.0 -1
5982865346599490567 3 1145.0 -1
108149863370545617 4 4190.0 -1
4119131182644087563 4 2134.0 -1
3913382428678157093 3 -1362.0 -1
1521059476472563986 4 5621.0 -1
4339789733654716413 3 -3134.0 -1
534695716162729898 3 -3019.0 -1
2436449141148505690 5 414.0 -1
3454625762242960172 3 1980.0 -1
2989609720890092433 4 -3864.0 -1
6111832373172124862 3 -1234.0 -1
341239443111948078 2 817.0 -1
8146557617609000789 1 -107.0 -1
4322821266636987616 6 -1320.0 -1
4255372286046209957 3 -2827.0 -1
6276337485271482177 4 -5247.0 -1
9096114550571329966 5 2685.0 -1
4396532904055164830 1 -3633.0 -1
2948945100675065403 2 1608.0 -1
7117146374722913156 5 -2336.0 -1
8416298618545248816 3 -4934.0 -1
7367530334960991182 0 1964.0 -1
2655335107157335697 4 -2683.0 -1
3638841352001904321 3 -841.0 -1
7642825358858472166 3 -832.0 -1
1958261356431944817 2 557.0 -1
7335297535111105508 2 1172.0 -1
8625691653253981628 3 239.0 -1
3581578274748783934 2 -3633.0 -1
6771965608988878026 3 -4078.0 -1
4744805014048748379 3 -4800.0 -1
4579912161734527587 2 -107.0 -1
6440079964655074941 6 2123.0 -1
7497539541401085314 3 -984.0 -1
2799296409726049850 4 1101.0 -1
8406035146043741818 5 414.0 -1
2838537672080474582 2 1101.0 -1
7886372745155970933 1 -2344.0 -1
321794471692780652 5 -4661.0 -1
8655350964915933642 4 503.0 -1
5471594604340189417 4 1744.0 -1
8836143226870676728 3 -2496.0 -1
4055543857686345075 3 96.0 -1
8722526246093398906 3 -5247.0 -1
3495216725512132998 1 3319.0 -1
7424182981872836321 3 -5846.0 -1
8861633734617660904 4 -858.0 -1
3143273679088686133 6 101.0 -1
140521217762655630 3 -2348.0 -1
1082555518394535737 3 -574.0 -1
8187993610208681649 2 -2757.0 -1
2538288524725123336 2 101.0 -1
4736766909049798417 4 768.0 -1
262388325000320383 3 -975.0 -1
7051638090437613753 3 -181.0 -1
4003771475985461322 3 -1074.0 -1
3135459373353972130 3 -657.0 -1
8931476901217761609 3 623.0 -1
3131783860798356428 3 1888.0 -1
6013630272136561940 4 -37.0 -1
8691200344656703184 3 -1168.0 -1
1957920691274805184 3 -5062.0 -1
6160419251756872608 2 1714.0 -1
5624295080503752785 6 -1592.0 -1
4217262041702285992 3 -4646.0 -1
4715911989885120387 2 -1168.0 -1
8903455083303130536 4 -1074.0 -1
1503429235012105843 1 -1873.0 -1
4924241113380541142 3 -349.0 -1
19786120125466156 0 1441.0 -1
7245865102293413688 2 1737.0 -1
3727230535539258591 2 -2177.0 -1
6909502755839615784 4 -2401.0 -1
1924667522976235460 1 1744.0 1
5838367863454762791 3 3319.0 1
2286823974626162447 3 2685.0 1
6997454751370831495 3 2315.0 1
4897827140718757710 3 5621.0 1
6919697325452806000 3 4190.0 1
6057244743258984428 3 5387.0 1
7748491080477301075 2 5387.0 1
6458414291968944666 2 1101.0 1
6389933084310820266 3 2134.0 1
4356044639835151164 5 817.0 1
1808992526231892081 2 414.0 1
7122245948327769360 2 1101.0 1
8797645017093457437 3 -86.0 1
7599376235643608596 3 2123.0 1
779572474234057888 3 2018.0 1
7027741549385522849 3 -86.0 -1
7715882377474646389 3 -3019.0 -1
6559961809510875349 4 1101.0 -1
115104291353170869 5 817.0 -1
5815268034424070338 3 2204.0 -1
9200107628422342006 2 -6521.0 -1
7728119701312737578 3 -2370.0 -1
4500479370015183459 5 -1484.0 -1
7333183200083894870 3 -2146.0 -1
6430186051883373116 4 -4227.0 -1
4689456162287798014 3 3986.0 -1
3893615047444718024 3 242.0 -1
5203209582577247941 2 -2584.0 -1
6279555076700026131 3 2061.0 -1
3610932869601260160 3 2498.0 -1
2859961277729387499 3 -1000003.0 -1
205901475978795634 3 -6347.0 -1
5618896549615377078 3 1923.0 -1
4962489547071884155 5 -2137.0 -1
1215659255426266236 3 -4166.0 -1
8674096756418508101 1 -3261.0 -1
1911295803812978182 4 -3974.0 -1
1020917328554721765 2 -876.0 -1
4590150944220419533 3 -11186.0 -1
8692664316874891436 3 -12332.0 -1
6065073694169953143 2 4030.0 -1
5336107517928736846 2 -6957.0 -1
1271661263974730230 3 -7813.0 -1
436744107993255804 0 -1916.0 -1
482925329583337693 3 -771.0 -1
1189894037874812164 2 -7340.0 -1
468046072859914622 3 -1263.0 -1
8787039025805617310 1 139.0 -1
8785059776999104796 3 -3050.0 -1
8646087373813293898 3 -5341.0 -1
1089542932731807069 0 1000004.0 -1
3578961562766754054 3 -7408.0 -1
4443205256002814973 2 -2754.0 -1
5523919192616034055 3 1864.0 -1
7055111133806731113 4 -937.0 -1
7069834003700958038 3 -813.0 -1
7012289205247620076 3 -7168.0 -1
2721909323105877120 3 4539.0 -1
7647073213290576328 3 932.0 -1
684925688793177873 6 1000004.0 -1
8783805888555188363 1 -1506.0 -1
109401200062805538 2 -5793.0 -1
2048582409516316340 4 -5365.0 -1
7017018839656238509 2 -1000003.0 -1
4369181801571838595 2 -5397.0 -1
4136645749048524927 3 -7545.0 -1
7904541054692821801 1 3547.0 -1
8537074536155254202 3 -1940.0 -1
3416463193682572733 2 -4400.0 -1
2654590130030984416 3 -6360.0 -1
2771356772316862728 3 825.0 -1
2774542583343441862 3 -5250.0 -1
1101360604072289754 2 1253.0 -1
122020843661405752 3 -7632.0 -1
6858075698839295561 3 -7020.0 -1
4390937294743085850 2 -1542.0 -1
2054659254036553995 1 -2713.0 -1
7140348138701594457 3 36.0 -1
7431281211683871199 4 -3955.0 -1
6901208577857397248 3 -5053.0 -1
396859789679586537 3 -1000003.0 -1
4699973880785002837 1 1000004.0 -1
7746391299084797327 3 -1389.0 -1
6152447292804056907 2 1833.0 -1
718013200646663595 2 -1639.0 -1
1034918175128662811 3 -5681.0 -1
7561327380650061492 3 297.0 -1
7443088336729552066 3 -10180.0 -1
8724726386820180254 5 2203.0 -1
3416422312303798400 3 -2403.0 -1
8214637068162113768 1 -7420.0 -1
2645599241414238021 3 -1843.0 -1
4005198103811873569 4 -156.0 -1
7700935986961919439 2 3502.0 -1
9026232740363825008 3 -10686.0 -1
7553353498804130319 3 -5304.0 -1
5189322343152278706 0 -12556.0 -1
4332895076555917077 3 -10759.0 -1
8113472381793536909 3 -1977.0 -1
9112052017372826512 4 -2886.0 -1
1930556791484884186 2 -2327.0 -1
262707776638386982 3 -898.0 -1
3148889635099762899 3 -1192.0 -1
4710576445471273530 2 -1754.0 -1
3729491493110975781 4 4178.0 -1
5309264484833505986 2 -2106.0 -1
1075874830944219442 3 1882.0 -1
2849806543937858465 3 -4592.0 -1
45502629429573274 5 -2870.0 -1
4252552382540800232 3 -7798.0 -1
742496599302196358 2 4716.0 -1
2025476272941442150 2 -303.0 -1
6195149386217376813 3 -5366.0 -1
7085878294743058293 3 2245.0 -1
9160080957997920485 4 3579.0 -1
6426157766693863189 2 -6328.0 -1
789246953518624568 4 -2609.0 -1
2990551055653098809 3 621.0 -1
4094002282499226624 4 -127.0 -1
8346469009915335288 1 -7298.0 -1
409020470232526585 3 -6080.0 -1
6310629277164094410 3 5823.0 -1
3310521348749669108 3 -3586.0 -1
2507647235171720398 3 -4675.0 -1
6692272546700724797 3 -1708.0 -1
5505460785090798367 4 -5891.0 -1
6873857515030450862 2 -5809.0 -1
2174071390988617419 3 -4718.0 -1
2567013402354840783 3 -2961.0 -1
659459286329073444 2 -2651.0 -1
5390664233067720165 4 -5672.0 -1
580885540467174954 5 -1000003.0 -1
1973898610174628971 3 -6420.0 -1
5905682099471449801 2 -7108.0 -1
1202951871478802624 2 -5080.0 -1
8482445511009432683 3 4519.0 -1
625998446173573306 2 -10259.0 -1
3904589238289820373 2 -651.0 -1
3720801136321465813 2 -3698.0 -1
8281465021032967368 2 -828.0 -1
2785907765795597081 3 -1000003.0 -1
2201322433990384981 5 5163.0 -1
681637571112870367 4 -2444.0 -1
2235639791933402161 2 -11055.0 -1
5511898132325169005 3 1545.0 -1
8632467535430237186 3 -3379.0 -1
2531858005862973442 4 -3279.0 -1
6720214530138238057 2 -5852.0 -1
5524900883145320780 2 -3727.0 -1
8187816379889752505 3 -696.0 -1
4472760431293926201 2 -5907.0 -1
6011289392863481712 3 3486.0 -1
6066062645134967559 4 -6641.0 -1
7244278035647541607 3 54.0 -1
5486382503903782421 6 -5039.0 -1
7670535783059956764 3 -1290.0 -1
8259272086076908731 0 -3070.0 -1
7914177921577800917 3 -3701.0 -1
8497486403323278715 3 760.0 -1
3882762657897354348 3 -4126.0 -1
5488609692333758231 2 -1024.0 -1
1141051621985624 3 149.0 -1
7221748880724526796 4 -1559.0 -1
964696688436168278 2 -3610.0 -1
3840084188786692288 3 -8721.0 -1
5792117246552839084 3 -3034.0 -1
5374462399233322229 3 899.0 -1
2780349098804312594 4 -2488.0 -1
7659281444570533118 1 683.0 -1
1257334959297864891 3 602.0 -1
8048588965521024672 4 -577.0 -1
4596962045145315226 1 -4536.0 -1
682453325594740885 4 3995.0 -1
5811755737814776696 0 -5953.0 -1
1899528962330796044 2 -1138.0 -1
144507670815675168 3 -1536.0 -1
8864973648484693673 4 -1767.0 -1
6394179768053110091 3 -3215.0 -1
7163126929551553090 3 -2569.0 -1
7325007429649418665 2 -2309.0 -1
1674927182735299557 3 -6005.0 -1
6338259200319771807 3 -1182.0 -1
932418502321469238 3 6694.0 -1
7814498685751632517 3 -1530.0 -1
8450995283001548372 4 -2964.0 -1
794368106679222054 2 -2236.0 -1
2264364659824233782 5 -3435.0 -1
7007459046833373809 4 -306.0 -1
4835596248812059296 5 1602.0 -1
851568561335616060 3 -1282.0 -1
7210384983303426246 2 -2031.0 -1
5505289757340320859 3 -1519.0 -1
4516897109456761914 3 -3785.0 -1
6827654484599394354 3 723.0 -1
157322755532805442 3 -8103.0 -1
6239227153209537117 2 -6509.0 -1
8631092406363797681 4 -4934.0 -1
1593148320451833632 3 -12467.0 -1
4223934995798460620 4 -4259.0 -1
7396825628645363376 6 2992.0 -1
6959475855100199568 3 -4975.0 -1
1544989793209717349 5 6285.0 -1
8479340637109042665 2 2294.0 -1
3273086223368679466 3 -3252.0 -1
5177743027729934155 1 723.0 -1
7854645285535065236 2 -6787.0 -1
7380027063069088318 2 -1236.0 -1
8723876084331209676 1 -1669.0 -1
5597918649578520709 3 -5796.0 -1
1812054672999599193 3 -6369.0 -1
3535381043535360010 3 -9826.0 -1
1006575990623449388 2 3088.0 -1
2550662968061578750 3 -3777.0 -1
7812997046852014120 3 -842.0 -1
2868713462619050704 3 -4213.0 -1
6720244983627844397 3 -3782.0 -1
5237019042750203340 3 -2836.0 -1
3968980009393635391 3 -6206.0 -1
7159818090481851710 2 882.0 -1
699577665658531881 4 -4454.0 -1
2186195612809447405 5 -3171.0 -1
6088587734506168914 3 1760.0 -1
2844631505731158176 3 -7307.0 -1
5059758288572249779 3 1448.0 -1
3985878875244450100 3 -6134.0 -1
3400382573382085492 3 -4802.0 -1
3675179582150628215 3 5520.0 -1
1791368638805789991 3 -1244.0 -1
9049693857582078147 2 -665.0 -1
6417556931030750104 3 -6034.0 -1
285896248175188110 3 -488.0 -1
2072707362079916675 1 -4454.0 -1
1527109195994634999 3 -1098.0 -1
9146516079973384246 2 1000004.0 -1
4835033895724471177 2 -2137.0 -1
2453422115040019682 2 2507.0 -1
7079808791718411465 2 1049.0 -1
6875387062766629881 1 353.0 -1
6047325489378795924 4 135.0 -1
5476110713361823204 3 -2675.0 -1
8995627033396247445 2 -1240.0 -1
7672285284696610175 3 4652.0 -1
8943682048003163669 4 -1322.0 -1
6726215293295083379 3 -7213.0 -1
3579382534752409434 3 -1232.0 -1
5690799323538815896 3 2816.0 -1
7972275927565023705 3 -1527.0 -1
7200457222816972060 3 -8964.0 -1
3224835147488961110 5 3745.0 -1
1715224075201705677 3 -6920.0 -1
5079474570497789918 4 -5162.0 -1
6613397592520855623 1 -7844.0 -1
1934099042300510222 4 -1000003.0 -1
517186854469131656 3 -1000003.0 -1
142400599825603763 2 1140.0 -1
5625816811988508610 3 -4428.0 -1
6450606279159022888 5 -2154.0 -1
8307582767594133103 2 -1290.0 -1
5482094734138931287 3 -4083.0 -1
3953346477914843880 2 -1591.0 -1
2861870593468501504 5 775.0 -1
5417809479494121879 1 -6302.0 -1
7087921020995876602 4 -4235.0 -1
348961058247634275 2 -320.0 -1
7878692453134442680 3 -2951.0 -1
3367455609109227694 1 -467.0 -1
1759459147164349544 2 -7762.0 -1
5559138656929525308 2 -6994.0 -1
1167715291184826087 2 -2447.0 -1
2650548214857053703 3 -2717.0 -1
5379973232705667420 0 750.0 -1
7672647841108037575 5 -7817.0 -1
5626497419784548917 3 -1412.0 -1
7849528714401877870 3 1153.0 -1
2618037593057163436 2 -4416.0 -1
3708086503752455173 3 -1321.0 -1
7385076965492348112 0 -2471.0 -1
7915168513269092152 4 5168.0 -1
2493140562361779965 2 383.0 -1
3823066645758199342 4 3844.0 -1
4132183042426272013 3 1327.0 -1
8893585357941043562 3 -7430.0 -1
7463187879463852864 3 -3200.0 -1
1214225660587500564 2 -3853.0 -1
4101740781135599687 5 -3958.0 -1
4983313122296720959 3 623.0 -1
7964847716656556961 3 -2966.0 -1
5760354122742378874 3 -1389.0 -1
4058016641930673943 3 -757.0 -1
6461065194440857322 4 -4227.0 -1
5341820125242696099 2 -702.0 -1
8168087381576659417 3 1000004.0 -1
7884344162619215121 3 -3698.0 -1
7364303642013474129 3 -436.0 -1
4163069273117507489 5 1000004.0 -1
1094496230617116794 3 -9679.0 -1
3810828765963961676 3 -1371.0 -1
2267717202477095721 3 -249.0 -1
8623526009618203167 3 -3460.0 -1
7553476682278109981 3 2905.0 -1
6247663644280274071 3 -6708.0 -1
2510534146237734912 5 5002.0 -1
8702826284109441224 3 -1484.0 -1
2940663410621293625 5 -4675.0 -1
6728722290620634937 1 -6858.0 -1
410221343036970784 1 277.0 -1
3917675478737922194 3 -9533.0 -1
7221063225241397147 3 -8713.0 -1
8995185990062873435 1 -625.0 -1
4006625683544735188 3 -3464.0 -1
3254451690575509866 1 -1244.0 -1
8834138746215306002 4 -5159.0 -1
6323386647804191473 3 -1746.0 -1
7292610420732451688 2 -2393.0 -1
3979516413565908999 3 -2241.0 -1
4108709053451771193 3 714.0 -1
8096328975486743246 1 -1000003.0 -1
7613863548056046663 3 -3098.0 -1
1244545149239835853 3 -3456.0 -1
868278720272960349 3 -75.0 -1
2178713023676755678 0 1000004.0 -1
6626737720123133924 2 1292.0 -1
1317325193846513725 5 -1240.0 -1
6840206084673301229 2 -3647.0 -1
2411136045946002333 2 -1223.0 -1
1972141642251235708 1 -4540.0 -1
5941998791582519786 3 -4769.0 -1
4736716520993818179 3 -2180.0 -1
7538417581209440428 6 -3175.0 -1
3628745889586042100 3 3876.0 -1
5565361977683247403 4 -7303.0 -1
5312394147234211393 2 383.0 -1
4220779333585506238 4 4758.0 -1
2172703321841890894 3 -5430.0 -1
7911200684695826746 3 -5842.0 -1
1655894586841236604 1 -5451.0 -1
4172737276577090182 4 -5659.0 -1
4671051864624118175 3 -512.0 -1
8266733797808183878 2 -1896.0 -1
1154233428116389781 3 -1447.0 -1
3679299603727401317 3 -4192.0 -1
1954352530854960344 3 276.0 -1
4556140831271805554 4 1000003.0 1
3432017503846961575 3 6892.0 1
2359363815145832436 3 1000004.0 1
7914145262734518845 3 1949.0 1
1222348158053528881 1 3471.0 1
2017668269581168070 5 2625.0 1
1949064140123578522 3 1250.0 1
4201022110460116204 2 10711.0 1
3485903447122453672 3 -2401.0 1
2391375263285228126 1 1000004.0 1
4818202128631756356 3 1386.0 1
6431156969858514936 1 7061.0 1
5180553043369532523 2 1963.0 1
7298155997673739294 3 1960.0 1
487009137640721204 3 -2519.0 1
3217049754850869962 3 -22.0 1
7684780799445634893 3 5306.0 1
3158278042475708766 4 391.0 1
4048134887849920587 2 -728.0 1
2322660177065482466 4 3573.0 1
6215095592465296761 4 1000004.0 1
4889510543049655628 2 -1168.0 1
1687033185234294181 2 6478.0 1
5072253858672614689 4 1000004.0 1
1084976975657440229 2 1000004.0 1
2239491507065376480 6 8103.0 1
4053635654931206718 2 3735.0 1
7310002006930474752 3 7452.0 1
6404957311167608724 3 14100.0 1
4591943004937180171 4 4374.0 1
1280946497225092400 5 -602.0 1
8744783201071518598 0 671.0 1
7974135079760847964 3 3547.0 1
5767997638595153379 3 -4646.0 1
2534407514409388351 3 1223.0 1
5712106831820003440 4 -3134.0 1
5836739649325014360 3 -2471.0 1
4065009204472366350 6 9839.0 1
429786971029866490 4 5729.0 1
2701361025288358725 3 2948.0 1
5888213480381301747 3 3570.0 1
1455944380376855691 5 413.0 1
418836592545755212 3 -961.0 1
4902505666410121320 0 7977.0 1
7120080991452233588 4 1000004.0 1
5465150640776281360 3 10499.0 1
7316238669736969075 2 3544.0 1
3356162272590647373 3 3841.0 1
6889991438388713498 3 1864.0 1
6751328169023074721 4 634.0 1
1597588657922781561 3 6707.0 1
5361503539847685713 3 4755.0 1
978495372728735976 1 7089.0 1
6377529460453104334 4 1000003.0 1
8367644131145691430 3 3883.0 1
8499970183203684127 4 982.0 -1
4385660536607460593 4 1875.0 -1
565055756429863336 3 -2995.0 -1
7477412430016195215 2 -4749.0 -1
6077590408606165981 2 711.0 -1
1495567888331864793 3 -3141.0 -1
7617561306671214974 3 -5151.0 -1
8657515759199947242 3 -4484.0 -1
7275081741846541958 3 -3715.0 -1
2233635453375515718 2 -31.0 -1
114267870089806066 4 -3486.0 -1
4140722955810130986 4 4842.0 -1
1000148937176066304 2 -1868.0 -1
2445982401006944524 1 1000004.0 -1
8505083863207439684 2 243.0 -1
2933983098862707725 3 -8571.0 -1
8055650580253603581 5 -777.0 -1
8429939239778795607 5 2423.0 -1
8363304745036313966 4 2435.0 -1
3642695628953073519 4 921.0 -1
6874491861854665344 4 -3056.0 -1
8436543838337047879 4 -3239.0 -1
4839051481107067668 3 -2882.0 -1
45447328946750422 2 -1000003.0 -1
9127618802662336819 2 -3147.0 -1
1178187404446932282 3 250.0 -1
2371099441219660858 3 -1000003.0 -1
1319554335297834015 1 4.0 -1
5391419986878664106 4 -2755.0 -1
3628054522797208797 3 -4735.0 -1
6474296615507669685 3 -3931.0 -1
5344410426388458326 3 1538.0 -1
7892338568642882905 4 -9423.0 -1
5070823255716796069 3 3085.0 -1
4712901577845544941 2 3374.0 -1
3126931836298604208 3 -4390.0 -1
735099290468537097 3 -2608.0 -1
994880949644931337 3 -6409.0 -1
1443636264712716618 2 -1342.0 -1
1143285415585476824 5 -3620.0 -1
1804561802659292170 3 -8861.0 -1
7409620185117202495 3 -7625.0 -1
6669146409306594890 4 580.0 -1
4518740824280996306 5 -8774.0 -1
6661017145811317128 3 3352.0 -1
6668959654728777756 5 1254.0 -1
5129106010418998565 2 2997.0 -1
6387992641943867232 4 -4913.0 -1
5387697205377816393 3 -10565.0 -1
8356412441190359065 4 1485.0 -1
2723288118672195924 3 -7460.0 -1
8580589557813398707 2 -4634.0 -1
8981159556418876120 3 -9921.0 -1
2531331895623365484 3 -2680.0 -1
2064508347047159251 2 -369.0 -1
6004769462242964299 3 -8254.0 -1
3497161403300564389 3 -6195.0 -1
3535873145680205551 3 -588.0 -1
2062558461841570017 2 -3915.0 -1
8076466060055790610 3 -3012.0 -1
3232122627999763777 4 -4184.0 -1
6206912302669960395 3 -4684.0 -1
1240225202664119974 3 -364.0 -1
2278014537415855993 0 1000004.0 -1
7974487116331301144 4 -9914.0 -1
5007832281565722694 3 -10565.0 -1
4031246242320521067 4 -1000003.0 -1
6570425122557469315 3 -7185.0 -1
3027169828819783120 1 -1814.0 -1
3852052045738916768 3 -4483.0 -1
127843430392523884 3 -2207.0 -1
2727343859318837419 3 -7546.0 -1
254492700561316379 6 1000004.0 -1
1504526881171318742 3 -10037.0 -1
3386780520226389002 0 563.0 -1
4901650829154398971 3 615.0 -1
656400479529010399 2 -1790.0 -1
1915324226575676207 2 -4470.0 -1
3576615385593950755 3 -4804.0 -1
24353840890200049 0 -382.0 -1
3293581670799871709 2 -2242.0 -1
2084233184615750846 5 -5885.0 -1
4289226228362185874 5 -834.0 -1
235271139068028893 2 -1000003.0 -1
3586323667799272341 3 -1315.0 -1
8323881445848090365 3 -604.0 -1
6710148700246922428 3 -2796.0 -1
8262479560439286140 5 -1000003.0 -1
2285255922219090037 3 -1000003.0 -1
8129216252630733516 5 -3467.0 -1
7476706675927186643 3 -1307.0 -1
2357929088696666509 4 1061.0 -1
4824775616869674934 3 794.0 -1
2796016340169841454 2 -6185.0 -1
6153856285415438788 2 263.0 -1
633938889202470409 2 4315.0 -1
4950453941000580517 0 -3822.0 -1
1222563161412979783 3 -3710.0 -1
6347427933179518071 2 -2290.0 -1
7825464489199940264 3 122.0 -1
3608534617135263994 3 -5264.0 -1
824181436279556351 2 -1597.0 -1
904686088690966871 0 -4502.0 -1
3434386878241059029 3 -918.0 -1
2983270725058737017 3 -1937.0 -1
4270392964624385039 4 -1883.0 -1
3308446809953648500 2 -504.0 -1
8967060288407829408 0 -5157.0 -1
6757381861170489974 3 2548.0 -1
6871021936767508468 4 4188.0 -1
201181605853021237 3 -6049.0 -1
5492546229211741262 1 -1402.0 -1
4333555358607211154 5 -2070.0 -1
780525285511659248 3 371.0 -1
3225680120988646641 3 -222.0 -1
2604591507632842661 3 -8547.0 -1
2431132688354868176 3 -4749.0 -1
7174440505482770452 3 -3466.0 -1
5198816420261790058 1 -544.0 -1
7279662941591212903 4 -730.0 -1
7467419448731267861 4 -3254.0 -1
1086847066851007045 2 -1153.0 -1
6912045110735407996 1 -1349.0 -1
2113218987923893213 5 -562.0 -1
2970555338188609881 4 7763.0 -1
3065603111911224039 2 -6139.0 -1
8252120284383881789 6 -792.0 -1
324894414175726116 3 -1935.0 -1
843891982815156396 4 -5900.0 -1
3398886283679229362 2 559.0 -1
6108031330113810856 3 1814.0 -1
1187484671860948334 3 -10231.0 -1
6102592982484617962 2 324.0 -1
7642901620595957252 4 -788.0 -1
6989395367272758665 3 279.0 -1
2779603986114874527 4 -5407.0 -1
737718499123898393 2 -2146.0 -1
3224227878182223378 2 5293.0 -1
5852975228821244601 3 3935.0 -1
8598190393191824046 3 -5482.0 -1
5840925823951440617 2 95.0 -1
6861595745511337265 2 -2696.0 -1
7902499187459255143 3 -1341.0 -1
2067989409007206533 2 242.0 -1
2744047202929415694 4 -4480.0 -1
2120275018433032417 1 -7929.0 -1
4137647073999193705 3 -4976.0 -1
7208656532890140625 2 -7776.0 -1
634607849520106215 2 3194.0 -1
9213751175256236931 1 2754.0 -1
6614251755874673229 2 4915.0 -1
2787564598844259906 1 4308.0 -1
5908969240647836406 4 2017.0 -1
3217675131734569854 2 -1975.0 -1
5506723905267128589 4 -5209.0 -1
719417267471977073 4 3506.0 -1
6104708981590951829 4 -2881.0 -1
7431651390116683721 3 -1610.0 -1
522418729602856934 3 403.0 -1
6803452824228917372 3 -3135.0 -1
5821326802426546535 5 -993.0 -1
4950770560744960210 3 -640.0 -1
435607084263775974 3 -8136.0 -1
8005339809074370255 3 -4922.0 -1
4736149646597907822 3 -5676.0 -1
8259740611685692750 3 4523.0 -1
8987487678895827143 4 2219.0 -1
6941559667873210231 2 -1776.0 -1
1333107735628782155 3 2185.0 -1
3489806040450915906 5 1000004.0 -1
7735673115421558067 3 -1122.0 -1
7503615469246887569 4 -6763.0 -1
2181738236734728326 2 -9643.0 -1
5165931762550203327 4 -9425.0 -1
3853252405515252944 2 2367.0 -1
356645674743288965 3 -9179.0 -1
2492741313489571395 2 -7014.0 -1
6283221572381527354 3 -5396.0 -1
6188512630015635302 2 -7926.0 -1
2548862168861519075 3 -2757.0 -1
2208811612416625080 3 -1000003.0 -1
3774123430095384390 3 -1169.0 -1
398584856275649734 2 -231.0 -1
4046844450079783052 2 -2126.0 -1
3444762399684206620 4 -400.0 -1
7111956120294049832 2 -3152.0 -1
1387838784144985411 5 -1049.0 -1
3745744695856791467 2 509.0 -1
4755233354668804309 4 -2847.0 -1
2658750183270996208 3 -5030.0 -1
8776241643077584018 2 1737.0 -1
1981521433901571960 3 -3052.0 -1
7589880793614783602 4 242.0 -1
9161665274357750337 3 -2071.0 -1
8259396548075493215 3 -3756.0 -1
9080406310510326720 3 -10354.0 -1
8171138369721018734 0 441.0 -1
6447487821456679969 3 4395.0 -1
1724074964808837095 4 930.0 -1
431583907876557102 3 5339.0 -1
2843796613417571303 3 -4814.0 -1
5950923670066204174 3 -2345.0 -1
1455957789509416556 3 3142.0 -1
1080949572864841030 2 -6349.0 -1
5206320843322088258 3 4146.0 -1
1626044076602467707 2 1169.0 -1
1741430964177416039 4 1290.0 -1
6615804932741363794 2 -11990.0 -1
5541959232821588923 3 -10257.0 -1
2712881877384417692 3 -2476.0 -1
7889393831683487385 1 -4259.0 -1
8892241079904100208 4 -5334.0 -1
2882172388545540329 4 -2801.0 -1
6286125977972471935 3 -3762.0 -1
1300640970793287311 1 -2666.0 -1
2637870132509980871 3 -7780.0 -1
6691024185113316225 4 -1758.0 -1
4830576282717086901 3 -434.0 -1
2856793071620669696 4 -2703.0 -1
6835317443275663597 1 1889.0 -1
6879478898076265270 2 6534.0 -1
1371687270945788436 5 -2413.0 -1
2983674394447827502 4 1657.0 -1
8524528261900575213 3 371.0 -1
259048001702023966 3 -1000003.0 -1
1787627641759599079 3 -8774.0 -1
2062834888201321204 4 4860.0 -1
4759082803007257280 3 -1454.0 -1
1019075477414536891 4 -2580.0 -1
3133594596132837754 1 -996.0 -1
8567101547451336742 5 -836.0 -1
1777452462098874755 5 4506.0 -1
3943820604985566942 0 -2868.0 1
4070950117693230329 5 1000004.0 1
4197033599989165567 1 9170.0 1
3328444339906960397 1 4006.0 1
5115847443290847257 2 1292.0 1
5723591014792572570 3 1000004.0 1
5209312949696368022 3 2185.0 1
3475236237710033910 3 181.0 1
8073137933819190113 3 6480.0 1
148844726485354926 5 1000004.0 1
893442154264959816 2 3162.0 1
8136249870231549989 2 1000004.0 1
4014692469251340640 3 1418.0 1
2294336146764848410 3 8092.0 1
1842316983621487432 2 5625.0 1
8044543887441295386 2 4606.0 1
7758120848201685395 4 5330.0 1
