570462044804433334 5 -2744.0 -1
7231266592254829959 3 -6455.0 -1
6794378857914161845 4 1000004.0 -1
3479410022055628852 6 -1738.0 -1
6934008064711788921 4 -6726.0 -1
1312676297510835245 1 -1000005.0 -1
7610126115438340690 3 -1000005.0 -1
8517180535314106359 3 6587.0 -1
7043461924614370118 2 4180.0 -1
8710610084562226696 5 1000004.0 -1
8140145656329779918 1 -6568.0 -1
808226879387510510 0 -1000005.0 -1
3816287984985671922 2 -6646.0 -1
7809131589813464210 3 -1000005.0 -1
6063344616404317254 2 2331.0 -1
6173529313896574200 2 -4801.0 -1
8780297861478021145 4 1239.0 -1
6687125665282179634 5 6219.0 -1
9162937967872435569 2 -1000005.0 -1
1359494799802562463 2 2260.0 -1
6248773823684551233 4 -4888.0 -1
3990311678682098408 2 -4357.0 -1
8569192788215139532 5 -2294.0 -1
7636995248700197221 3 -10863.0 -1
2775440190157167418 4 -963.0 -1
2523618327178106452 3 253.0 -1
5958398858144119664 4 -3642.0 -1
878230423565076071 2 -1000005.0 -1
2778245063030974816 5 2331.0 -1
7335915552987305909 3 8594.0 -1
3554340114529749406 4 -634.0 -1
958654361666571237 3 1226.0 -1
7535134282491467487 3 -9513.0 -1
6519129372177173174 0 -1000005.0 -1
5262406818644634289 2 -891.0 -1
4107713636132576828 2 -1000005.0 -1
4423241799347171941 4 -7993.0 -1
1092259413672176076 3 -2078.0 -1
5760707507499378733 3 -8693.0 -1
8243295767717097137 5 6409.0 -1
6041545739714342841 2 -5415.0 -1
5037091592441512228 3 -8384.0 -1
2113122077246794012 4 -921.0 -1
2648046143791575700 5 -8547.0 -1
2255797193314009166 0 -4462.0 -1
5670296818242538590 1 -8859.0 -1
1106377233105726948 1 -7425.0 -1
5325842749109730865 4 4456.0 -1
7384023252173784874 2 -1000005.0 -1
7262107503760579203 3 -3571.0 -1
2393660204230444555 3 -4019.0 -1
493531292184986264 4 6645.0 -1
30693893901306145 4 -1000005.0 -1
6620335986003582078 5 -5362.0 -1
523646797134155822 4 -9511.0 -1
4336510209031070570 5 279.0 -1
8327093163003133087 4 -10048.0 -1
5179718551108192855 1 5109.0 -1
1894198171562096429 2 -1000005.0 -1
1942133300967579600 2 -6151.0 -1
4063377611330660316 4 -4846.0 -1
4513643739278848938 5 -11606.0 -1
1152198564453231887 1 -6102.0 -1
848927463620776308 3 -546.0 -1
4965147869966373231 5 3609.0 -1
6159151945302389917 3 -7583.0 -1
7749915219925383874 3 -2260.0 -1
5994112637804238354 4 1679.0 -1
8325018880975015780 6 -3803.0 -1
9200115806598942567 6 -2450.0 -1
1251866927330437639 4 -1000005.0 -1
7605934596811240426 3 -4412.0 -1
1995327779403736821 5 4460.0 -1
6821329955172447370 3 -8309.0 -1
8120001706203362171 3 -11274.0 -1
4391199171700536125 3 1000004.0 -1
9173340136500329598 3 2216.0 -1
5311926513971322414 4 -147.0 -1
873552416029829586 3 3268.0 -1
997931547588280361 2 -6140.0 -1
6584626083555096658 4 108.0 -1
8303317692376993720 6 247.0 -1
2386277022193253498 0 -3879.0 -1
3783138083305995155 6 -6234.0 -1
4173435439734178380 3 -8409.0 -1
8659428096216730227 5 1000004.0 -1
750502801905662476 0 2401.0 -1
1024741015851075231 4 -9378.0 -1
274164235951375464 4 1000002.0 -1
430458096407847170 5 -4060.0 -1
3375883998226830264 5 -6418.0 -1
854867950837941582 3 -5826.0 -1
5783010179929922220 6 -1061.0 -1
3955973842599931782 6 -635.0 -1
3957016861589781170 5 -3480.0 -1
1888864839997606562 6 -1000005.0 -1
1694064767653582814 2 -7228.0 -1
5695598426321522552 4 -3623.0 -1
839486329102325959 4 484.0 -1
7392608402899530255 5 -6317.0 -1
7679042438639981671 3 -8148.0 -1
4741037535314695855 2 -4263.0 -1
840472494447188277 5 -599.0 -1
1225624844273224793 0 -815.0 -1
3217558328809791731 2 3309.0 -1
4121375252980810011 2 -2502.0 -1
5154790332609992640 2 -1000005.0 -1
2990550203150168399 4 -12353.0 -1
6082319676607307653 6 5343.0 -1
5210837572710202939 2 -1256.0 -1
6421087852372434086 3 -7296.0 -1
3558189484910984284 4 -2851.0 -1
2591347589243472276 2 -8800.0 -1
4001259348498193970 4 -3249.0 -1
1393113156258508801 1 -11043.0 -1
232065068895737450 3 -5095.0 -1
8432320115026269959 4 -1528.0 -1
1890174000568995434 5 -7511.0 -1
3326076799480629072 4 -8515.0 -1
3803035225054031348 5 4520.0 -1
5560233181236794549 3 -1226.0 -1
8050198142930231058 1 124.0 -1
6260361395629961098 1 -5834.0 -1
1926844739708199665 4 -5015.0 -1
377945762536645175 4 -546.0 -1
6092462747036253825 5 -2452.0 -1
4173191612315686154 2 -2228.0 -1
6897754869744902116 1 -816.0 -1
3443962896212384916 4 214.0 -1
7339901621206885155 2 -942.0 -1
869035788050844069 2 2459.0 -1
5088094943503451648 2 -9023.0 -1
3848202698396622391 4 -1000003.0 -1
7990886696924496996 1 5968.0 -1
665923742351309936 2 -4263.0 -1
6979656775156264026 2 3153.0 -1
4208655071434042592 6 126.0 -1
625417349467498247 1 -1000005.0 -1
5212862233995597719 4 -698.0 -1
5657530523305613844 1 -1000005.0 -1
3417266719903602969 3 -8110.0 -1
5222240735191933341 3 -6276.0 -1
6740326652918261430 4 -7589.0 -1
4950854033478485601 3 5361.0 -1
1679308881478740069 1 7687.0 -1
6541768230913677034 4 4803.0 -1
7637019365919216666 6 -3819.0 -1
3653336117808093507 3 1000004.0 -1
2366421972107881967 3 1823.0 -1
919990899712876246 1 -1000005.0 -1
4849001122323593532 6 -7474.0 -1
6386188195875177006 2 -1000005.0 -1
4646697660599571715 5 -1000005.0 -1
5136255233397330169 3 -12088.0 -1
5877768569532413205 4 -2293.0 -1
8091441236547963644 2 -4481.0 -1
1434493134953110696 2 -1000005.0 -1
3205500021100457274 5 -4367.0 -1
7554206921378969172 4 3513.0 -1
6568739327236012418 3 -6404.0 -1
4599492872752341930 5 -9533.0 -1
2991797618301863533 0 -1000005.0 -1
5520632949291481697 4 -4869.0 -1
1705362865336447262 1 -1000005.0 -1
5555992907411498642 4 -9718.0 -1
7370163466698748603 5 -10288.0 -1
5981415818107514781 5 433.0 -1
1892763091928135496 1 -5261.0 -1
863689292755874125 4 7503.0 -1
7961423453307272122 3 -2628.0 -1
9066603724235477750 3 1075.0 -1
795687510606858771 3 -376.0 -1
4669060716427914557 2 -5338.0 -1
9110237731095634593 6 -1000005.0 -1
728219520963670325 3 2655.0 -1
323965382431335050 4 7415.0 -1
1200801433657786786 4 -4768.0 -1
5673119287659317630 3 -2095.0 -1
7286577414800343657 3 -1000005.0 -1
8025815413408324481 0 -10892.0 -1
3211537387280202339 4 -5979.0 -1
4364690564463725126 5 -1281.0 -1
209681525759155579 5 3550.0 -1
762572419025563640 3 -1000005.0 -1
1631725303339823820 2 -8114.0 -1
1074008103475070540 3 -11006.0 -1
1091875382473833247 2 -1000005.0 -1
5215845200843311553 6 -1000001.0 -1
4210900507491269062 2 745.0 -1
1521497121735320284 3 -200.0 -1
492297583408131976 3 -4202.0 -1
5777393902060185410 1 -5635.0 -1
2649540130815628446 2 -1023.0 -1
2366420592236311238 5 1000002.0 -1
4116501636495288409 4 1714.0 -1
6486895432753288916 3 1222.0 -1
7224079903436527351 4 -3580.0 -1
7418274397844480986 3 -1000005.0 -1
2171589756598383933 1 11481.0 -1
251037472912084371 3 -1000005.0 -1
3772567980470124981 3 906.0 -1
7398137299005096794 4 -5193.0 -1
8507470258402725347 3 -9309.0 -1
3270229588666604277 4 -1000005.0 -1
801652370461149828 1 -2943.0 -1
8128732977280131594 2 -1770.0 -1
6700641853599741425 6 -3697.0 -1
8283189909162319039 6 3583.0 -1
2880583780142710996 1 -5047.0 -1
8160224105088622433 3 -5133.0 -1
8906302856911295817 1 -3193.0 -1
774850831009766806 5 -4573.0 -1
4561640065342222960 6 84.0 -1
787136808573011775 3 -7152.0 -1
4640994407365946770 2 -5012.0 -1
371200809471368538 5 -1000005.0 -1
4839890402751898601 3 -4176.0 -1
7618929040570630026 4 -7294.0 -1
3837941220770275100 3 -3063.0 -1
4811991065397678200 0 -5039.0 -1
3167062740497351745 2 -6532.0 -1
1044896409818559148 3 -5976.0 -1
3169098509846974930 3 4027.0 -1
6316184271390199389 5 -504.0 -1
954898708624987079 3 -5281.0 -1
2725091661185469740 3 2197.0 -1
341467835511593913 2 -1000005.0 -1
6641650778582696013 3 -7647.0 -1
7588398336180988587 1 4967.0 -1
5507677059324820518 5 -7049.0 -1
5355134526345404120 2 -4619.0 -1
3353255500108608066 6 -1000005.0 -1
1062744700214308080 4 3345.0 -1
8706703130258903682 2 5347.0 -1
6609370257568876085 1 -7317.0 -1
2539341311203276309 6 -3081.0 -1
2448276905094968636 1 -10451.0 -1
1662525806175547292 3 -1348.0 -1
6979900940153237223 2 -1779.0 -1
2676614767706277774 4 -2852.0 -1
6115210852063233337 1 -1000005.0 -1
6628615565691910428 3 -2380.0 -1
147205296339022044 3 1234.0 -1
1360681409668708444 4 -5064.0 -1
2290545580287277054 2 -7047.0 -1
309093462515808463 1 34.0 -1
7854406898308104575 4 506.0 -1
2777591083449490590 2 -1000005.0 -1
502569156556636333 2 -7056.0 -1
246698880917299641 4 5630.0 -1
8126453763234996525 4 -362.0 -1
8106363047292138081 6 2278.0 -1
6191035262339631509 6 -1000005.0 -1
3334708026873960555 4 -9008.0 -1
378620482744216743 3 -1000001.0 -1
166774111956974722 2 -1000005.0 -1
698574865110266476 5 4034.0 -1
2147754899072393146 5 9169.0 -1
4352637814702236220 2 821.0 -1
184863538095803588 4 -6092.0 -1
458963495430373723 0 -4836.0 -1
2078813153950166249 3 -2660.0 -1
8552916353620404141 5 754.0 -1
69843948650632559 1 7152.0 -1
7827269552537604767 2 -1000005.0 -1
7629040441704207597 3 -5175.0 -1
7454328748132137637 3 -1000005.0 -1
1400312480799649032 3 -766.0 -1
6886226454818590083 5 3064.0 -1
6903699852067110377 2 -10347.0 -1
5734629719368473505 0 -7062.0 -1
7438051164856354642 4 -5374.0 -1
9164663239397338086 6 -10272.0 -1
500146006716360390 6 -10971.0 -1
6146447664645759838 6 -1000005.0 -1
3681736092149511954 3 4064.0 -1
8035177645427242011 2 -1000005.0 -1
523313401022639591 5 -2984.0 -1
1959420118995156274 2 -3318.0 -1
7755107129430997456 4 -5440.0 -1
8117352412205880791 3 -5564.0 -1
6193833622229969800 4 -1000005.0 -1
9220739102518099145 1 1222.0 -1
6090164672155113778 1 1735.0 -1
8379447690350470152 2 -1888.0 -1
7698166030853709480 4 -1532.0 -1
3995452076640210556 1 -11466.0 -1
1827041758751823859 4 -2168.0 -1
5744460735932209689 5 -6473.0 -1
6186824581099029424 6 -1874.0 -1
6420094387686368280 3 -7627.0 -1
4954013410711317407 5 607.0 -1
6159514019331880227 6 -3757.0 -1
7458169356132932437 3 3169.0 -1
8443110624592149817 3 -14064.0 -1
991746021156964909 3 -4583.0 -1
1491027981584079000 2 -3187.0 -1
1206142030801244093 2 5429.0 -1
5565256737271812109 4 -1000005.0 -1
883929634752260754 3 -5169.0 -1
8857509019103979404 5 -1000005.0 -1
2851750835526076104 3 -9440.0 -1
1702602799513753448 5 1000004.0 -1
3843835269431240043 3 6340.0 -1
4821260540643198167 1 -4057.0 -1
7299184113981376117 1 -4042.0 -1
2714818516519482397 2 -6016.0 -1
5550546944311233211 0 -4998.0 -1
3378000203214336536 3 -13178.0 -1
1488242239370361813 1 -2889.0 -1
5269350656434389089 5 -1000005.0 -1
6657641761014214658 3 -9304.0 -1
1679798462053780208 3 -10178.0 -1
6313016327820214024 5 4028.0 -1
1688809937273498126 4 -9529.0 -1
1014505175345302727 3 -6543.0 -1
4701353648601541609 5 -8357.0 -1
7158828016725262581 0 1000004.0 -1
5724261677471204187 5 -1000005.0 -1
5891935195639766821 3 -7796.0 -1
717051524389809434 6 -1000005.0 -1
6588708650986952931 6 1393.0 -1
1443892922355972308 0 1000002.0 -1
8079337475895876456 2 1006.0 -1
2411362350094811274 3 -1000005.0 -1
934982510061720748 4 -3204.0 -1
4429798126529830025 5 -7816.0 -1
7880687531476415438 4 -1000001.0 -1
2395759529611970815 6 -4909.0 -1
5180210196996416814 4 -6614.0 -1
9103501453441480199 1 -1000005.0 -1
4414151314829284840 1 -1000005.0 -1
1440664399903899939 3 -1000005.0 -1
3602869013554192445 2 -689.0 -1
8718970501987592386 4 -4441.0 -1
7014817119171696743 4 -985.0 -1
7906891971275181676 3 -6611.0 -1
2755712903179648575 3 -16815.0 -1
7752935758279781996 3 -3707.0 -1
7952196222660439898 4 -2649.0 -1
406935698400478040 3 -1000003.0 -1
1078488190056447425 3 -1343.0 -1
8039969906559102571 5 -1000005.0 -1
6963322235893088331 6 -1000005.0 -1
4555742219944457956 5 -227.0 -1
1632797207977162693 1 -1000005.0 -1
2502839577476093551 1 7741.0 -1
8402326225392025094 6 -3026.0 -1
2684332726973834204 1 -4888.0 -1
1345257203937812509 3 -10939.0 -1
1978141891478964424 4 -6301.0 -1
2561283469199549002 5 -1000005.0 -1
9205457547064802409 1 2372.0 -1
1210819933048949773 6 -2319.0 -1
8921253455934104040 3 -9402.0 -1
3149982948715686666 3 -1000005.0 -1
7292003194670423807 4 -8055.0 -1
8548923246834497463 1 -7377.0 -1
215907046583078508 3 -5496.0 -1
2268756981131806163 2 6782.0 -1
932077471145967487 5 1000004.0 -1
2833704725929058750 1 1000002.0 -1
2456405929865673006 3 4954.0 -1
99627850001841573 3 -5705.0 -1
6659642037393646004 3 -11504.0 -1
8984677301519875255 4 -1000003.0 -1
7716324494601882025 2 821.0 -1
6122242780684505640 0 -1500.0 -1
3310138010193700078 3 -2424.0 -1
8918923728575810652 4 7599.0 -1
1457681238722703963 3 1000002.0 -1
8283803021860579774 3 -4238.0 -1
4311814036468563041 4 1000004.0 -1
8420941433066213362 3 -3644.0 -1
1370531065584114308 4 7504.0 -1
3850223295858272694 1 8879.0 -1
1192873164038184242 5 -3429.0 -1
2579064886688539433 3 4849.0 -1
4321771999556684914 3 -9853.0 -1
6463472500278343720 3 -1000005.0 -1
6538288264203464761 4 -1000001.0 -1
4300433880292260772 3 -4678.0 -1
471599362283528608 3 -5746.0 -1
7325667073292289939 4 -1239.0 -1
1416488268053067249 3 -9080.0 -1
4771467796083516248 3 -6912.0 -1
4911966245650062539 3 1000002.0 -1
1728203461194878738 4 -7138.0 -1
3502686725510843648 3 948.0 -1
8315483526871999125 4 4700.0 -1
7046184242782317852 3 2521.0 -1
4363194413542626441 3 -2867.0 -1
807202147452061420 3 -8924.0 -1
8852136374704289654 6 -1000005.0 -1
4004884857764965456 3 -6232.0 -1
671010886784156039 3 -7506.0 -1
6943315123306491758 2 7517.0 -1
7997386586199171205 5 -1000005.0 -1
9129319588910890066 1 -1586.0 -1
4560247173884929963 4 -1000005.0 -1
4278684479372382816 1 -736.0 -1
3746148365663732107 2 -6140.0 -1
1694113147934043565 4 -152.0 -1
8629109580898394306 2 -1458.0 -1
3051916268781767742 3 -14130.0 -1
4285956956691693906 4 -12095.0 -1
4932033663922904924 1 498.0 -1
1226303825858468888 0 3967.0 -1
1531600330698298685 0 1337.0 -1
4989933036692651687 3 1000004.0 -1
3397574595692824102 5 -1000005.0 -1
4460637382981516487 5 -10542.0 -1
5262008712632077884 3 -7175.0 -1
757816672630301450 5 -1000005.0 -1
1272384817052858316 1 -4011.0 -1
8887115312716923937 3 7206.0 -1
6131389723616279444 4 1376.0 -1
3419969975160559426 4 -6058.0 -1
5018944316997767086 2 -4357.0 -1
8352285499713791682 3 -1000005.0 -1
1169465634371429394 5 -945.0 -1
7488115789466920255 6 2252.0 -1
888579518256975153 1 -6880.0 -1
5040030122313858031 0 -1000005.0 -1
4407550426365654177 3 2218.0 -1
7671314904911679024 3 431.0 -1
8288627500856540848 4 -2310.0 -1
6725346343894324141 3 778.0 -1
4796398084812283330 6 -1000005.0 -1
3209371926598150597 3 -6797.0 -1
2830781454907152391 5 -8903.0 -1
3252935965931438136 4 -3426.0 -1
6272331090435415187 5 -350.0 -1
4881415221163662118 2 -6053.0 -1
7337770502337039087 6 741.0 -1
6127049524891881734 3 542.0 -1
1895498333311114530 3 -528.0 -1
4508261186282276279 1 -5830.0 -1
8158087691514299402 3 -1000005.0 -1
1523556534302009981 5 -804.0 -1
565434464717988531 2 -6701.0 -1
8901539535049201595 4 -1000005.0 -1
3916836096816032350 4 -3503.0 -1
3735156925915495587 3 2101.0 -1
6757949297809247051 1 -238.0 -1
4058438171315758059 4 5733.0 -1
5077955972583712010 3 -1000005.0 -1
6186907637336249451 2 -2684.0 -1
7743075049782287917 4 -1852.0 -1
7288112488720515142 3 3546.0 -1
7909374394319027387 3 -4926.0 -1
5267842625896882506 4 -1723.0 -1
5978580433303162490 2 -2291.0 -1
5491630753215421883 4 -1000005.0 -1
3206806461421587990 1 -1000005.0 -1
6730427244426348468 3 2388.0 -1
4905424021100614853 2 1941.0 -1
6132263279081672856 4 -14068.0 -1
6805576417049616483 4 1101.0 -1
2316792526764174599 4 -15689.0 -1
4700103467229575786 3 235.0 -1
1174663782549026010 2 -1000005.0 -1
1119709025204520527 5 -4109.0 -1
6159682849260580633 4 -8504.0 -1
5987156288941529947 3 -13364.0 -1
1269535778779747811 4 -14816.0 -1
1268601058266234992 1 -4285.0 -1
5035819031612752119 5 453.0 -1
19807523505746721 2 -10128.0 -1
4416486349688184033 3 -6387.0 -1
6785205901400055278 3 -520.0 -1
6796836892600208646 3 -3173.0 -1
2771320967725076439 3 -1000005.0 -1
3410234453851040809 3 -86.0 -1
3986682345263692576 3 -10105.0 -1
2047609386337744175 1 -5460.0 -1
1188415381806905595 2 -1000005.0 -1
5386421245023228093 3 1797.0 -1
5819732963995916741 2 -6161.0 -1
4521495514187426295 3 652.0 -1
3950648799007856141 3 -1000005.0 -1
638455067782328498 0 -6517.0 -1
7017039584742171008 1 3357.0 -1
3744002758499393783 3 -1833.0 -1
198814514395640614 2 1000002.0 -1
7767366976212551183 3 -2319.0 -1
5608058769331191814 6 -9720.0 -1
5382820111439747894 4 -472.0 -1
4426721885629772530 0 -7159.0 -1
2786291203159065925 4 -5803.0 -1
1954236939104920223 6 -1000005.0 -1
3071832562112025620 4 -2519.0 -1
7244892990132390975 3 1801.0 -1
499751936009443592 3 -1848.0 -1
867995962675003379 5 -8660.0 -1
5476838183505460379 5 -7988.0 -1
7623002676859922093 3 -2391.0 -1
8957380862741044309 1 -1000003.0 -1
6949494435708519206 1 -8352.0 -1
2678045267203007197 2 3518.0 -1
4737812945810493775 4 -11368.0 -1
5755235666293111690 1 -4767.0 -1
4754668056594560687 3 -6900.0 -1
1129938931012002314 2 3871.0 -1
8358232009561181299 3 -6467.0 -1
8881881327082789561 2 -822.0 -1
6123959626618071878 4 -358.0 -1
4250281043975656284 5 -1000005.0 -1
4600225496588066211 0 -1050.0 -1
5792123381292763331 2 -7280.0 -1
3279380516309706586 6 203.0 -1
2016903294293121951 5 1000004.0 -1
561795424246276233 0 -7508.0 -1
8721035380684705082 3 -4389.0 -1
6271322580913008269 3 4912.0 -1
6615885103343243305 2 -4046.0 -1
2867236130989475084 5 -1000005.0 -1
1293918706119482269 4 -7638.0 -1
2517040372558552965 4 -6322.0 -1
7492405516743427690 6 2221.0 -1
3290547303451559939 4 -3955.0 -1
2791280346550844548 3 -2060.0 -1
4165652114765533460 2 -1076.0 -1
3699140170106346124 2 -1000005.0 -1
8537600954743486726 5 -7.0 -1
5929692805488013336 0 -3657.0 -1
7662250307076395777 2 -4993.0 -1
5612490857484017175 6 -9883.0 -1
6218959649602030498 2 -8315.0 -1
921428215910310324 3 -8080.0 -1
1382722840807296313 0 -1000005.0 -1
8064841116375357976 0 -10328.0 -1
5120411854290144992 4 -5623.0 -1
4658428536130360086 3 -10359.0 -1
6017762853700342152 4 -152.0 -1
1469173586623615399 1 -11148.0 -1
1101889119593379431 3 1129.0 -1
2241827113520300940 0 -1000005.0 -1
9201053348736651362 4 3593.0 -1
177001210100401994 5 -1000005.0 -1
3531823243345765059 3 -1967.0 -1
1714538494643799757 2 -1000005.0 -1
3950159255376698520 5 5235.0 -1
4288222794126420382 2 -8239.0 -1
8537524764262001993 3 -1000003.0 -1
1631430622318474625 2 -6581.0 -1
7603507148893449284 4 -565.0 -1
7941564838195716136 2 -1000003.0 -1
790892799502834603 3 -2224.0 -1
6230287816317073387 2 -1000005.0 -1
8317253934350639845 3 -8023.0 -1
3686143930597276947 4 -541.0 -1
4881215057694599883 3 -1000005.0 -1
6260419010252278873 1 -6143.0 -1
288618605789084883 3 -1000005.0 -1
8087160233024696869 2 -4143.0 -1
208228046007889499 5 -1000005.0 -1
4755494470733812733 3 -1000001.0 -1
284339482955304944 2 -2918.0 -1
65206770232713482 4 1512.0 -1
2461497925722885912 5 -3759.0 -1
5458780490961512139 4 4993.0 -1
6343113475279151212 3 1682.0 -1
3592623739379338423 3 -10476.0 -1
2318139445414930460 4 -4873.0 -1
5607514441196380575 4 125.0 -1
825115522457274232 5 1000004.0 -1
1328196616335162794 4 -10352.0 -1
8373597479984082107 3 -4813.0 -1
6862462612191660742 5 -1000005.0 -1
4062307303658363166 1 6783.0 -1
6328516683733090866 6 -3123.0 -1
8980015774769626201 3 -13395.0 -1
7327518520626345314 3 -1632.0 -1
4152676386546364199 3 -1962.0 -1
8540115773341140655 1 -1000005.0 -1
577886407349707434 4 2461.0 -1
190839513006041186 3 -3735.0 -1
5082564651121003908 4 -1000005.0 -1
4245219063641588818 3 -6490.0 -1
4105139791218962030 3 -1000001.0 -1
6326398641052450344 1 2269.0 -1
2526932821490509752 4 -1367.0 -1
6165480461880294680 3 -1403.0 -1
8574720947662676122 1 867.0 -1
29806701693695913 4 -6706.0 -1
6747246186344203398 4 -484.0 -1
8961976620908309546 1 9582.0 -1
411241861868158520 1 -7400.0 -1
4071258511237065526 1 -1000005.0 -1
8005330390403614623 1 -1000005.0 -1
5895069069212695483 5 -5253.0 -1
6047444636427645080 2 -1913.0 -1
4793542070424175787 3 -9694.0 -1
8673694281358806188 3 2213.0 -1
8816766742260763567 0 1000004.0 -1
4414788160508161599 0 -536.0 -1
6277964701368378753 5 -7164.0 -1
2503355706578895830 5 -5076.0 -1
1199084760352589118 3 -4058.0 -1
7851938175659784859 2 3354.0 -1
9036481879698429795 4 -1000005.0 -1
4181494448403702421 6 -5713.0 -1
931202914581460309 3 -7578.0 -1
7636612578625158049 2 3534.0 -1
5172786739015209184 0 -1000005.0 -1
7393776324243659025 4 -1875.0 -1
7180132186958365535 3 -919.0 -1
8891229669174139510 4 -8861.0 -1
9036365516962385938 5 -3330.0 -1
8270165826549338901 3 -1000005.0 -1
3356011982926860575 4 -13885.0 -1
4400764245484984915 4 -5251.0 -1
6397784524654413488 3 -8739.0 -1
4305318620553379281 2 -1000005.0 -1
5249701527375243143 3 2570.0 -1
482584908599717175 4 -2575.0 -1
1507712036247757875 4 -9950.0 -1
1514746736225766055 4 1000004.0 -1
269673989724305131 6 -1000005.0 -1
5820311847223387481 3 -7201.0 -1
3200021905854574997 3 -1000005.0 -1
2540174500512068116 3 -2214.0 -1
6953699147609880799 4 -734.0 -1
7126204051131984490 5 -1000005.0 -1
8685357462674020123 4 -1000005.0 -1
2016243322063686091 3 -9037.0 -1
5063687339807640728 3 -1000005.0 -1
2454510751169509047 2 1000004.0 -1
6128464578388320910 3 -3983.0 -1
3272057979527685314 2 5512.0 -1
597870795395242491 2 -6692.0 -1
7177936631547065235 3 -29.0 -1
7041196340387810582 3 -88.0 -1
7715100857393739766 4 4222.0 -1
139734899232990888 1 2677.0 -1
5631654484042598954 2 6760.0 -1
4279807577167802409 3 -3426.0 -1
207088092387923366 0 -1000005.0 -1
6417134554108169325 4 -6009.0 -1
5983779411805632346 3 3664.0 -1
2048553027475631947 3 -3775.0 -1
1812531819635533120 2 1586.0 -1
80032056368056023 3 -14089.0 -1
7179201234466518201 3 528.0 -1
8613373404386827708 5 -1000003.0 -1
2461828113882510991 2 -4854.0 -1
4400895739152337649 2 -1000005.0 -1
3658837509782084595 3 -2589.0 -1
4167262495196624877 4 -14903.0 -1
6601368108162324804 4 2825.0 -1
3710563377917660809 6 1000004.0 -1
5995491080649847129 3 -3599.0 -1
4925941326475499571 1 -1000005.0 -1
5404078407876160667 3 -1915.0 -1
7616978385342383612 0 -5119.0 -1
3627296474173005756 3 -14774.0 -1
1851578650252206511 2 -5479.0 -1
1154659837528663145 4 -1771.0 -1
3669151518386635411 5 -567.0 -1
7430421816140512551 3 -1000005.0 -1
4496514947260149101 4 -8934.0 -1
5468560819661796696 4 -2394.0 -1
7477559740508848606 3 -1000005.0 -1
8637768339936605300 6 -5553.0 -1
7562986708563572069 4 -9206.0 -1
3502302927427199326 6 -11343.0 -1
1011578373985939944 4 -331.0 -1
6721840230458724100 1 2201.0 -1
2645377333990579273 4 -5349.0 -1
2955494849391229859 3 -5899.0 -1
6079581557148999347 2 -6699.0 -1
4288490140645566023 3 -5701.0 -1
3314478293888934473 3 -3921.0 -1
728782112364825203 4 -6408.0 -1
832872842599168498 2 -1055.0 -1
7989849755499889801 4 1509.0 -1
2223741496238548322 3 -2954.0 -1
5241610030308089559 0 -1000001.0 -1
47546018781123800 2 -3016.0 -1
326402092202478231 6 -4408.0 -1
4256375368001668342 3 -6565.0 -1
2477776397836068471 2 -130.0 -1
1651279277265135675 4 6036.0 -1
3517258478915999091 5 -4146.0 -1
29693760602064850 2 -4814.0 -1
1959854497963332007 3 -4297.0 -1
3889332477752600125 1 1468.0 -1
941163650293231671 4 2135.0 -1
884599937888949720 4 1980.0 -1
5074139897398893899 2 -1000005.0 -1
4769233429951292655 5 179.0 -1
3730123588655519515 5 12834.0 -1
4531875532854638929 0 -1000001.0 -1
4628542621406059269 2 611.0 -1
1739270159863427758 2 -96.0 -1
6969181713828534246 4 1000004.0 -1
5520954638633455571 2 892.0 -1
6994989277268134653 4 1000002.0 -1
3821640480346407933 3 6217.0 -1
5161559368881271161 4 4725.0 -1
2443129270191925088 3 634.0 -1
8666790614288427710 4 -11608.0 -1
4411324481215413079 2 1841.0 -1
1214281385107166093 2 5619.0 -1
242366065253420413 2 -1000005.0 -1
982637963223486612 2 -4402.0 -1
3679934258214758277 5 1391.0 -1
728896769827261239 4 -4370.0 -1
262028663315100228 3 -14733.0 -1
2437372465449428339 4 -6449.0 -1
1257303553868048663 4 -5984.0 -1
7736572019032982531 3 -6357.0 -1
2244317653428862538 2 -1000005.0 -1
6275477868378792947 3 -7776.0 -1
7074773957312846115 1 -1000005.0 -1
656007635832951825 3 1504.0 -1
8897614684505245078 3 5720.0 -1
6685180300719793850 3 -778.0 -1
6372771638176964604 1 -1008.0 -1
218277069975727511 3 -9155.0 -1
8280110558641193799 4 -4908.0 -1
9009693164917924557 4 -1463.0 -1
6289401817202287401 2 -6152.0 -1
603668017337058005 2 -10366.0 -1
3794761114607797740 6 -62.0 -1
3620846908500293086 3 6043.0 -1
5287902044039380046 1 -8112.0 -1
6569911252848747108 6 1000004.0 -1
6080924678634868353 3 -3032.0 -1
782530417208005586 4 -4376.0 -1
8075885559376703408 3 -7438.0 -1
1966334780706460675 3 -1000003.0 -1
8269076829449271601 3 -1000005.0 -1
5166594974332794816 4 -2762.0 -1
1041534530478045178 2 3811.0 -1
7316852826531405244 6 254.0 -1
8939987017275378286 3 471.0 -1
5259101712205724049 5 -2324.0 -1
2992124861080515978 4 12049.0 -1
2959354944251906354 2 1047.0 -1
2747103786576879528 3 -1016.0 -1
7637774226867445812 4 -4877.0 -1
6195698452595660954 5 -4579.0 -1
6158890872143012464 5 3030.0 -1
5075003785319924562 2 -4629.0 -1
7610229966795918936 3 -3130.0 -1
1511976918146914624 2 2783.0 -1
8043989634688951074 1 4559.0 -1
2105316572525115280 2 -7070.0 -1
5976077685599670879 3 -5450.0 -1
7696878269764360809 2 -3436.0 -1
5450255174156041562 3 -6026.0 -1
3806868777711370794 1 -1207.0 -1
8867960118486475538 3 -1000005.0 -1
8268142985396262951 5 1000002.0 -1
7946859834891866147 4 -1074.0 -1
8766766252930061835 6 1000004.0 -1
7626123173026866430 2 -1225.0 -1
1498734038360913214 1 -596.0 -1
571326081231088971 1 -3384.0 -1
3493642205872837161 2 -2478.0 -1
6731216542004312806 3 -3310.0 -1
7383476391404863964 3 -7629.0 -1
1729703891411262594 3 -5472.0 -1
1340503743760848712 4 -6189.0 -1
2508405698659276918 4 -5597.0 -1
6849878054633932737 3 -2401.0 -1
5216645182612166057 6 -5743.0 -1
7284066040925445509 5 -910.0 -1
6002314342301541233 6 1000004.0 -1
7261628107332648502 4 -1000005.0 -1
5935751426301752728 4 -13732.0 -1
5765034218482946188 3 -11365.0 -1
1572698342953045416 0 -1000005.0 -1
4909877610546959096 3 -11308.0 -1
6228378402072452925 1 2396.0 -1
2302400141688960290 4 -7169.0 -1
7913580386256725167 4 -3630.0 -1
5968791990213829320 4 1000004.0 -1
7678524528043717774 5 1000002.0 -1
5568996931242189784 6 -2981.0 -1
4608705700457928402 2 -5043.0 -1
4828365879623444715 2 -8355.0 -1
6738250405879115487 6 -11058.0 -1
3104083082485028486 2 -10359.0 -1
1276312975386522668 3 7810.0 -1
2495707959004658242 2 -2060.0 -1
2934894002701589534 1 -2159.0 -1
5669929979344619416 3 -16673.0 -1
3736308125095446092 4 -4261.0 -1
6813342840235612906 0 1000002.0 -1
2981768805905737653 1 -5306.0 -1
3681467582983425506 3 -1868.0 -1
6919009523765240177 3 -7413.0 -1
6433736019776992909 2 -2869.0 -1
5291078523563410261 3 -1000005.0 -1
7818541148338337619 4 2259.0 -1
3235692164581208584 2 -1891.0 -1
221780391322221443 3 4779.0 -1
1547578194339582691 2 -1000005.0 -1
1985363551628295312 1 -11163.0 -1
6600582765243509248 1 1000002.0 -1
5003534989232549351 3 -14869.0 -1
3961148139683760947 3 -3611.0 -1
4989434414949563968 2 3678.0 -1
5099460673960742217 0 -2443.0 -1
4819619658875448791 2 -127.0 -1
2094405222045890266 3 10525.0 -1
8355450221309201242 3 1814.0 -1
6402445732811113933 4 -1000005.0 -1
2283109537257450149 3 -5914.0 -1
1764635267793439330 3 -9645.0 -1
7068130601201682809 3 2736.0 -1
5976511193532792723 1 -3636.0 -1
4513233684803652922 3 -1000005.0 -1
601406751421685392 4 1000004.0 -1
3584892617620224182 3 -10716.0 -1
9158401234597266009 3 -7671.0 -1
488247400490205855 3 -7224.0 -1
442825065406174868 5 -10052.0 -1
1746298966773202211 1 -1000005.0 -1
638456285987506226 5 -4931.0 -1
521279640724551352 3 -10864.0 -1
6794373689518175475 3 8943.0 -1
6137780374539442372 1 -6956.0 -1
1294146703809262384 3 -1000003.0 -1
7870077902461194075 5 -434.0 -1
5817260848521390102 3 -1823.0 -1
1235702995374269948 3 -16196.0 -1
5529426510270413384 0 2127.0 -1
2385771684103432999 3 5798.0 -1
8061158424388994625 4 2000.0 -1
6769751227913255427 2 -6266.0 -1
5285541606649226809 3 -7494.0 -1
7852614020026205539 4 -10803.0 -1
7614437453522688036 4 -1000005.0 -1
8423935397609253784 2 3891.0 -1
2847646778491037476 5 -10428.0 -1
6265346413658432506 5 -5746.0 -1
2246170758787397528 6 -1000005.0 -1
3377307762001346721 4 5733.0 -1
7092526512812411811 4 1000004.0 -1
7378970748742703271 5 1602.0 -1
7555480884829410376 4 1092.0 -1
8632765122490747993 4 -5039.0 -1
3331536161020304251 2 -1000005.0 -1
5619358972769367895 2 8222.0 -1
8052966515633863441 1 -4918.0 -1
3630429174149901249 3 3602.0 -1
7486032487232929119 3 -5028.0 -1
551111870331208372 2 1747.0 -1
2037419865057658647 2 -2286.0 -1
3269677272980447156 3 1526.0 -1
6545309060534725051 3 -1000005.0 -1
9160903572939382302 3 -3222.0 -1
2738000192715913794 5 10350.0 -1
7941802415436329915 4 -1000005.0 -1
3835062199048965838 4 -1907.0 -1
2186286984810785389 2 11978.0 -1
2130684983338739178 5 -7926.0 -1
6759128253583312467 2 -8341.0 -1
4668574010707864239 3 -3765.0 -1
6623101527733372248 3 -7123.0 -1
4095425056300188763 4 -777.0 -1
362876934331774279 4 -1000005.0 -1
899901707873728462 1 -4489.0 -1
7645457056850177359 1 -1000005.0 -1
725540849898782506 2 2141.0 -1
3167027553837447067 3 -3397.0 -1
2716831679908584508 3 -1000005.0 -1
4217716931763254181 1 -1000005.0 -1
9116574499920910435 2 -1387.0 -1
8822522929172558171 2 4231.0 -1
8351992698643474756 2 -10672.0 -1
7639323300333255763 3 1000002.0 -1
4284017691690787423 4 -2345.0 -1
5194376132740074297 4 6591.0 -1
3553901379381859579 3 -1455.0 -1
5377196349581557342 4 4239.0 -1
4106522807267769977 3 1894.0 -1
107883835265006666 2 -2719.0 -1
5172017675390665683 3 -865.0 -1
5068262129582441095 2 -1000001.0 -1
8413408852038603511 2 -11042.0 -1
5536962167598680185 6 -1691.0 -1
2084922016912345103 6 -1000005.0 -1
3274515102333714950 4 -5703.0 -1
4111325934781862330 2 3447.0 -1
7608143978723803125 2 -1000005.0 -1
3748365438372623122 5 -2325.0 -1
7691843584959945279 5 -4623.0 -1
9128574272029235785 3 -8724.0 -1
1698814196551986898 0 -1000005.0 -1
1550213033618017006 4 1000002.0 -1
9204301820995642096 1 -6055.0 -1
8330665067851862831 5 2440.0 -1
92394985125690788 4 -9470.0 -1
3431591218708727752 4 2116.0 -1
1465866346709149969 3 -2525.0 -1
3793164853691064853 5 -4458.0 -1
2568667178438979766 5 -1000005.0 -1
2492080044236073124 2 1000002.0 -1
8684912510128088519 2 -2547.0 -1
3399427756970267719 5 1000002.0 -1
1403712658733066224 4 -1000005.0 -1
7007020629833598269 4 -1000005.0 -1
2468240871359829770 2 6999.0 -1
1598955696597673971 2 -583.0 -1
4577235906708001538 1 1200.0 -1
2083354755191664543 3 2632.0 -1
2677428987771750934 5 -3607.0 -1
6600047732582513127 5 3578.0 -1
846259037525744434 3 -1508.0 -1
4970054039467479710 3 -6380.0 -1
2852979082831560262 2 -1983.0 -1
6233583783243203441 2 -13503.0 -1
4673075311158391967 5 1361.0 -1
2060025475317506313 3 -1864.0 -1
6974741409284769122 3 -4840.0 -1
1930291201295561293 6 -1000005.0 -1
1381214984115778927 5 -1000005.0 -1
6119609373219726610 2 -10321.0 -1
6525536729815782825 3 -7130.0 -1
2446245458717009370 6 1838.0 -1
3545478129136655837 4 4018.0 -1
5628067016233310967 3 -6801.0 -1
8889824622448814285 2 -4529.0 -1
1449698656277919882 3 4390.0 -1
4923224194457965870 4 1456.0 -1
1887445494311315874 3 8278.0 -1
2659546056563913157 2 -847.0 -1
3056879575566171138 3 -6585.0 -1
70817446301898021 3 1000004.0 -1
9067990236973534771 4 -6063.0 -1
2718960035287205040 2 -7104.0 -1
8956331567040359213 0 6853.0 -1
7080181169346804262 3 -9236.0 -1
8723831891441547537 0 -1000005.0 -1
1277506140997573467 2 -9273.0 -1
5347972225782191949 2 -1000005.0 -1
4374815498323414978 4 -3989.0 -1
2601160130997121343 5 4145.0 -1
3122458958181204757 0 -3011.0 -1
4372459720855138201 2 -5690.0 -1
1205067112933467642 3 7934.0 -1
4095767476892092226 3 -321.0 -1
5095550015653648586 2 -8575.0 -1
1760808511171610679 4 5211.0 -1
2538663501372267062 1 1328.0 -1
6739875529502159174 4 -2831.0 -1
2683868023898445164 5 -4008.0 -1
6097331045492789698 0 -1000005.0 -1
9129691961566624440 3 -1000005.0 -1
7487220833607809481 5 -1815.0 -1
3898873448232204076 5 8053.0 -1
1328795843788244264 1 -1000001.0 -1
1110901775552456597 2 -7997.0 -1
1667059019868399416 1 6722.0 -1
2941551015824794767 5 1000002.0 -1
2542481426856275525 4 -8877.0 -1
2607828739385546707 1 -367.0 -1
6398601898623708026 6 -5559.0 -1
2625160368666112631 4 -6376.0 -1
8411512532543164644 5 -1000005.0 -1
1425103824262258982 3 -6517.0 -1
5028180113249469879 3 1000004.0 -1
6969277175589090195 3 -8205.0 -1
1964322756494896313 5 7135.0 -1
2802416875529002014 3 -4615.0 -1
6656237663097150977 0 -135.0 -1
876796459550631300 3 10275.0 -1
2317598460960829938 1 -1000005.0 -1
6210049418573776193 3 -9704.0 -1
5040282413336904350 5 1211.0 -1
5688822678216211057 3 -10338.0 -1
8531709880167771977 1 -1428.0 -1
1192010319949041001 4 -11192.0 -1
22666755426713001 6 -1000005.0 -1
4847454007599242975 5 -534.0 -1
7545212209796590133 3 -7264.0 -1
3222430774792797214 2 -1000005.0 -1
4941709515817749654 1 1000004.0 -1
2147899857223695177 3 5394.0 -1
8603184823122326712 4 -6333.0 -1
8943087473945242261 2 -1000005.0 -1
2969435416023895179 1 -3783.0 -1
1000127354606599664 4 -8908.0 -1
5718023344139072404 3 2016.0 -1
1419599091185509392 3 1509.0 -1
2324335815430881742 4 571.0 -1
1968628626055394115 4 -4834.0 -1
1335811512945221602 4 -2716.0 -1
6771425444662717872 3 818.0 -1
3991971922437178356 3 -3826.0 -1
8617294069614555996 1 -3789.0 -1
7110755745208340035 5 4387.0 -1
8583169525200412503 3 -4328.0 -1
8094794301484499708 4 -12850.0 -1
5979964501057084939 1 -1034.0 -1
2822825886719910572 2 9436.0 -1
516941567370423303 3 4575.0 -1
2084895173013900437 4 -2505.0 -1
1791189598070329315 6 -858.0 -1
9191092362371333795 0 6187.0 -1
1232356387037001363 2 5708.0 -1
739860528001736582 6 -4907.0 -1
1999872933299861324 3 -9119.0 -1
2656160240761398898 0 4009.0 -1
6503222745759663298 5 -11274.0 -1
1115774586636488082 3 -6760.0 -1
7518733396210704966 4 -1000005.0 -1
217613916915631713 2 -8199.0 -1
1883414717996445535 4 -16010.0 -1
3564792605164241511 6 9567.0 -1
393172366099952028 0 -1000005.0 -1
9149912350166052744 4 -1604.0 -1
4279464764669078309 0 -3933.0 -1
3746019310471852302 1 -8240.0 -1
8605846934589934826 1 -8092.0 -1
7505194753875878957 4 3114.0 -1
6501415353922483979 6 2180.0 -1
9100549460479568696 2 1858.0 -1
7491515077026907430 5 1000004.0 -1
704936358085063419 2 -1000005.0 -1
1487886773990959105 4 -1000005.0 -1
1417830069425049840 1 -2863.0 -1
534534492033438394 3 -6542.0 -1
2812434853537762004 3 -7995.0 -1
5641074189843794014 3 -1000005.0 -1
4076834873816698536 2 -1000005.0 -1
4517750847339093971 3 1000002.0 -1
773633826318457562 2 -1513.0 -1
7913452111390612954 3 -2435.0 -1
6415425251470182128 1 -1000001.0 -1
4605749131680414102 2 -625.0 -1
1112653239295350119 3 3017.0 -1
8168859738514917765 6 1757.0 -1
7039286968918217149 2 6161.0 -1
4432030977784752388 4 2750.0 -1
9144785474292100374 1 1732.0 -1
957691059881760561 3 -963.0 -1
5000533466466749372 3 -10989.0 -1
6229798046447498920 3 -5889.0 -1
9025377427239383993 2 -13321.0 -1
2196539127543049951 3 -1372.0 -1
4351267007199899979 6 1000004.0 -1
2502346931587166110 4 -1000005.0 -1
6443676608561265776 3 -1000005.0 -1
6169975088696543401 2 3244.0 -1
5817667833329521687 3 -1000005.0 -1
3134217849424730675 4 -4610.0 -1
7395921628478046550 4 7045.0 -1
6659103828074072430 5 -4014.0 -1
4314649894569707700 3 -1245.0 -1
2062199265981435738 2 -1000001.0 -1
3186758627695637737 4 -6936.0 -1
7701091235294981543 3 4052.0 -1
51181271373465227 3 -1000005.0 -1
4005546941712523193 2 8031.0 -1
77438635962414855 2 2296.0 -1
5178655335632428730 5 1000002.0 -1
5931131730572924663 2 621.0 -1
7088558168094500411 4 -5680.0 -1
8894098785823239777 3 -1000005.0 -1
631936794948407303 0 1000004.0 -1
880002678530038355 4 -1000005.0 -1
3931667145046338528 3 -1000005.0 -1
3413447811695627279 1 -1000005.0 -1
6269479508748663928 3 2083.0 -1
8486462668845933998 1 -416.0 -1
6351327412225966074 3 -10615.0 -1
4710952913902103030 0 -900.0 -1
6562579513950878603 4 -1000005.0 -1
8114934905248024818 4 77.0 -1
6002879365322947255 1 -2892.0 -1
3364930482517203982 2 -203.0 -1
2618610293153280111 2 -1000005.0 -1
6314120965808372597 6 -1000005.0 -1
1734548064375235622 3 -3485.0 -1
4194491170922657166 3 -15058.0 -1
500803089383483020 5 -2965.0 -1
7923648594599481117 2 -1270.0 -1
937319283963897477 6 -1000005.0 -1
2250735684122369240 5 -1000005.0 -1
9150306842333869807 1 -1000003.0 -1
6160551827359227592 2 -9099.0 -1
353967565644154842 5 -6254.0 -1
4297253064247979930 4 -1000001.0 -1
5116634318836224936 1 -7262.0 -1
483327708487476125 2 -2674.0 -1
2256676184311910924 3 -4265.0 -1
7218469925784196242 5 -1000005.0 -1
5607751354036950860 3 728.0 -1
7428959467352795815 3 1641.0 -1
2326035048394109638 0 4108.0 -1
1811320518015654216 3 -4839.0 -1
1130566471061286310 3 -4976.0 -1
6933641873082216154 5 -2082.0 -1
7875302744890717234 2 7886.0 -1
3776984960191685971 4 362.0 -1
8979368889498584566 4 -7014.0 -1
6106868207415651612 3 2726.0 -1
8482490165453002795 0 -153.0 -1
2735272726981299875 2 -6791.0 -1
2791078869801858992 3 -1000003.0 -1
8429695867045717065 4 1000002.0 -1
5519879305958933005 3 6868.0 -1
7353633089159262048 5 -288.0 -1
543906560398615777 4 1509.0 -1
3451557339414369204 4 -4121.0 -1
572726507517056680 1 -4015.0 -1
5904242736703753346 5 -17657.0 -1
2653871724224664486 3 -8878.0 -1
5567758629640674702 3 -296.0 -1
6572450142085200316 1 4206.0 -1
2323619997013346878 5 -3876.0 -1
3051252173615791002 6 -1000005.0 -1
398725850948502265 3 -8521.0 -1
5605059132065018212 1 -2660.0 -1
1462967996972594252 1 -3620.0 -1
2905816643460009899 5 -1572.0 -1
7358129213355262999 5 -6552.0 -1
6214223318011945189 2 -1000005.0 -1
947995352183550598 5 -1089.0 -1
5271374109233152508 6 -1000005.0 -1
4730700830462443950 5 178.0 -1
5533852457589577400 3 3193.0 -1
4832707991110179095 1 -1000003.0 -1
1484217315449214605 3 -3197.0 -1
5649043103665762167 4 2308.0 -1
1053725648360037190 3 2704.0 -1
2267629018819202037 5 -1000005.0 -1
4865249771511994096 3 -1000005.0 -1
424755775210375266 6 -1000005.0 -1
5211628875190508408 2 -1143.0 -1
5097049654232382211 1 2936.0 -1
76296104700850305 4 -1000005.0 -1
7252574349982327226 2 1592.0 -1
1350870915782753993 2 -4970.0 -1
3739991598138431926 3 -2959.0 -1
4299714058877004472 2 -1000005.0 -1
4222108063009840212 4 1000004.0 -1
6628388006131374075 5 940.0 -1
8655987965500888455 0 -1000005.0 -1
7044139033340317052 3 -1913.0 -1
2147635944977702949 2 -2269.0 -1
6064992298509805938 3 -7092.0 -1
6231510558277784255 4 -2650.0 -1
1594744799735610178 1 -3679.0 -1
2861567880367166378 4 -891.0 -1
4131142921296010428 1 -1016.0 -1
1860498649593912080 2 -1000005.0 -1
2655679396828717710 5 3531.0 -1
8179305322580532168 3 -4662.0 -1
6317336305168089383 1 -4876.0 -1
5197792149632992812 3 1000002.0 -1
6079118976310131141 4 -6988.0 -1
7974831705111180916 3 -1000005.0 -1
7267092349666596776 4 -7193.0 -1
2125615208300471308 4 -11405.0 -1
2144644005271594275 4 -4616.0 -1
4278684638763586671 3 -5339.0 -1
4818680854363751770 2 8076.0 -1
6139987983075048071 1 1935.0 -1
3598965744406612721 5 96.0 -1
3508269348801129984 4 -531.0 -1
6202442042771441677 4 -3223.0 -1
5156074174909969372 0 -7053.0 -1
4624301701577452654 4 -2492.0 -1
2055844799067745243 5 2208.0 -1
2595707257868548798 4 -262.0 -1
127795340444532384 3 -5163.0 -1
8518631227459366882 3 1022.0 -1
8178845504954686423 3 -7325.0 -1
894343514326788926 3 -1837.0 -1
4163372123223172134 6 -1000005.0 -1
7316235270248853917 3 -8052.0 -1
5351525755032191077 2 -1000005.0 -1
4448322662709574719 2 -6594.0 -1
8616009325990755815 1 2333.0 -1
2748622404096982981 5 -1000003.0 -1
1099959206453099992 3 -1000003.0 -1
867243232410121481 3 -9185.0 -1
8246987426743244419 1 -4843.0 -1
6511742419796969535 2 -1000003.0 -1
1625391994927052809 2 -1000005.0 -1
1539722548252928244 3 -3185.0 -1
3271703666199746552 4 2021.0 -1
6311363732560440940 5 2685.0 -1
10184787565773380 2 -1000005.0 -1
6580551987651344918 1 -1000005.0 -1
2610093130528122794 2 -1000005.0 -1
6714346504145404006 2 -8165.0 -1
5940429232483022914 1 -6784.0 -1
495071716840629954 2 8680.0 -1
2206826587173972853 4 -125.0 -1
5017627522710006778 1 -1593.0 -1
5687161534285871955 4 -3404.0 -1
3567446120706872676 1 -1000005.0 -1
3531364657943892163 4 -1138.0 -1
5100271510746347159 4 -932.0 -1
7228468539229874900 2 -4172.0 -1
1113849132227358444 3 -1892.0 -1
6888991485142622195 3 -4111.0 -1
3919066887333930956 2 -4797.0 -1
2668201131244234606 2 -3145.0 -1
5379254243052056967 2 -1000005.0 -1
5578718190919248309 3 -7635.0 -1
2737690211445776567 1 -1608.0 -1
4930269694748367322 3 -8100.0 -1
3480930449491998601 0 -2647.0 -1
4841478198027064576 4 -3905.0 -1
7684664323269481606 4 2781.0 -1
4184791284303510100 5 -1000005.0 -1
5324540494457778469 1 -5549.0 -1
2021903414393983661 3 4633.0 -1
4158927860897684975 1 -10615.0 -1
5714209918400124770 1 -1000005.0 -1
7604943315923161461 2 -7231.0 -1
5246482692438300209 5 -1000005.0 -1
8959298331502377524 4 -6717.0 -1
8341563782573277591 3 -5249.0 -1
4071113259046186900 0 -7158.0 -1
3785253546551237542 4 -1575.0 -1
7734715141958782906 4 -4688.0 -1
6094362290270178154 1 -1000005.0 -1
3254799546351207774 3 -1000005.0 -1
1651361724423883899 3 -6655.0 -1
2791181820478688092 4 1000004.0 -1
5999190113496155133 2 -2927.0 -1
3757604614764147174 5 -912.0 -1
3835877211935454646 0 -3223.0 -1
4874744706611882093 3 -1000005.0 -1
9082738292677865301 1 -1280.0 -1
6462993933176007327 3 -136.0 -1
357498118020856635 2 -13708.0 -1
5903450313211486444 6 -1000005.0 -1
5911892190001999366 3 -9086.0 -1
39117709943220648 4 -1811.0 -1
4313502617753860376 6 -9252.0 -1
351024893316056858 3 2948.0 -1
9219599968123828342 3 -7508.0 -1
5828376008524364171 1 -2147.0 -1
2128034856940684686 4 -7478.0 -1
5046976470311168773 3 2177.0 -1
7859150382212694895 0 -1000005.0 -1
5132539952562481367 6 -7459.0 -1
2666559080568639565 3 1000004.0 -1
699600411197758645 1 -2262.0 -1
2232282350929843832 5 1000004.0 -1
7743235657884166416 2 -1000005.0 -1
5400579092225926301 2 2384.0 -1
7496463278848131025 4 -1000005.0 -1
5025936819583039585 2 1917.0 -1
772978976593717828 3 -4246.0 -1
1771888559777617609 6 5207.0 -1
7858391412983261837 4 -6959.0 -1
950987165355789828 4 -4377.0 -1
2769181155033894781 6 -1715.0 -1
3269508108494749197 3 6326.0 -1
6961497065230612443 1 229.0 -1
6275117456610426386 3 -10807.0 -1
858211714848681818 1 -3627.0 -1
746352494503161850 3 1215.0 -1
2404362651374315068 3 1142.0 -1
1818079510146059567 3 -2027.0 -1
6579202266292740890 3 2743.0 -1
218504131447629201 1 -4982.0 -1
2184265940934804061 3 -1000003.0 -1
1472161788938424 4 6522.0 -1
5300866181885721380 5 -1000005.0 -1
8177981845085637524 1 -3001.0 -1
4001142637809759712 3 -3258.0 -1
6813446997921462848 4 -7779.0 -1
8978216740470765083 3 -4812.0 -1
2672424756515942943 3 -4409.0 -1
8739121557230024729 4 -1399.0 -1
5483721016390313053 2 -1396.0 -1
7436965621096568289 1 197.0 -1
8687373714700605785 1 -1000005.0 -1
2263069934227067981 3 -4273.0 -1
3966082995443983124 5 927.0 -1
8238452772570624722 4 -224.0 -1
3148248451251278653 2 280.0 -1
2473749882727600465 4 -1748.0 -1
1253211752025852294 4 -1000005.0 -1
5198213663318276361 5 -4403.0 -1
1039740943322053606 1 212.0 -1
3935505089070894081 6 -9929.0 -1
1294604091590545454 1 -649.0 -1
2176082169347685719 3 -6803.0 -1
6884320708272626835 5 -1000001.0 -1
5375642639725589236 4 -6070.0 -1
4338288765877541881 3 -1000001.0 -1
4299085757275092752 3 -2711.0 -1
460611956627975680 5 -6792.0 -1
4575023773409912813 6 9841.0 -1
4998810305874415988 3 -1000003.0 -1
2354816164528955396 5 -2172.0 -1
2093299087758951809 5 -1000005.0 -1
5404727463591784631 2 -1806.0 -1
2770617962943778772 3 -2547.0 -1
6959539631000516767 1 -849.0 -1
2339384228826330058 3 -4828.0 -1
4942226954595240896 2 -3628.0 -1
7695206050891514184 1 -1000005.0 -1
2302374881647546402 4 -1000005.0 -1
1153993320622819421 1 436.0 -1
5273778607010362399 2 1049.0 -1
8712331005242563947 4 -1000003.0 -1
6833518650158042373 2 -981.0 -1
7833605702193398175 4 475.0 -1
367872641440331504 4 -1238.0 -1
3897960289802472674 5 2575.0 -1
2287070606422838198 0 -1755.0 -1
7518311243318803005 3 -1435.0 -1
6239025048864808564 6 -1000005.0 -1
3013165971872718826 2 -1000005.0 -1
1099575144683595443 6 -1724.0 -1
918126978642435338 3 -5311.0 -1
4835079705074619245 5 -9229.0 -1
1446488205857884726 4 7808.0 -1
3498887221098273745 2 -13628.0 -1
8161753643524499194 3 3298.0 -1
5447711152510091571 4 5311.0 -1
9221321563819781448 3 -2881.0 -1
2232382387151940228 0 -602.0 -1
253274624759622024 5 -9550.0 -1
2509474275701966305 3 -7424.0 -1
2021650384581624788 3 1217.0 -1
844211300632633624 5 -11706.0 -1
8941300434075360452 2 2910.0 -1
4686419569727099984 5 -6147.0 -1
3039415059973127673 4 2204.0 -1
1932055358158622521 4 -1000005.0 -1
6617134305836232629 3 -1074.0 -1
2223776685446883975 2 2359.0 -1
6544077915368793207 5 -2539.0 -1
8692179485695582694 3 3260.0 -1
6024110263767387841 3 -1165.0 -1
4652396617239317730 6 -5464.0 -1
2734757443438000838 3 -1000005.0 -1
4199395522065039128 4 -6267.0 -1
2963619139912363113 5 -623.0 -1
2514481609875510558 2 7054.0 -1
5745379906816248055 6 -2353.0 -1
7409899105117007486 4 1018.0 -1
7459288612941721043 5 -8497.0 -1
7913239557053344428 0 -1000005.0 -1
3668143824439305660 3 -10596.0 -1
6180082649637093688 3 -7630.0 -1
8193256357485334954 3 -1000005.0 -1
5395462106890936381 0 2232.0 -1
4851722364309765026 4 -334.0 -1
272051797846145933 2 -1918.0 -1
5427815086033810703 3 -4837.0 -1
3856504109780829976 0 2967.0 -1
976614910743411821 5 -4100.0 -1
39570605290472679 5 5718.0 -1
7393967027326004534 0 452.0 -1
2909387975686694598 4 778.0 -1
3586848880098457181 2 -8804.0 -1
467329418938117610 2 -1000005.0 -1
5520168194949033382 2 -5854.0 -1
5737195607662886353 3 -985.0 -1
1695905633627773103 3 -13619.0 -1
2132621574929673592 4 -1000003.0 -1
8481635953255530074 3 -2118.0 -1
2762424240238050513 4 5209.0 -1
6539591041533106600 2 -2106.0 -1
8894740510707252031 2 1000004.0 -1
4593110673121839613 3 -1000005.0 -1
8068172747467174405 2 -10785.0 -1
6938363960421417134 4 -1000003.0 -1
957658869070652665 4 2793.0 -1
3722451046272959013 5 -8727.0 -1
936124581842787351 2 -8483.0 -1
8345386306071387981 4 -4471.0 -1
2638439173762955662 2 -9087.0 -1
3802157785834212547 5 1778.0 -1
7735098634670821559 5 3964.0 -1
4466897623720508581 2 -7464.0 -1
6047568147570073915 6 -6679.0 -1
782267446557101737 4 -7661.0 -1
3847935413835040505 5 -1555.0 -1
6033303175109063530 4 -4038.0 -1
4887604854764128471 3 -2810.0 -1
3470300037696907945 4 -9170.0 -1
726386087952013182 2 -8249.0 -1
8922025676781218492 5 -4080.0 -1
5778506422822219622 1 4257.0 -1
4167244383898451698 3 355.0 -1
947842823877315624 2 -1000005.0 -1
8667393283853702048 0 -9414.0 -1
2172782691623739193 6 -1000005.0 -1
1209680946212993815 6 1000002.0 -1
1976259358801379398 1 3089.0 -1
3109942765541367700 3 -1000005.0 -1
8646530185616520430 3 1000002.0 -1
1093801627329946999 4 -1000005.0 -1
66270094796564510 2 -3440.0 -1
5335399470961487299 2 -10722.0 -1
8262638711564236178 4 -5094.0 -1
7069707161758908083 0 9459.0 -1
1378064248154795752 3 -6242.0 -1
7492284244240600613 5 1000004.0 -1
3674868954594742944 5 -1000005.0 -1
2195299857186910134 0 -1000005.0 -1
4471020606945785012 5 -1000005.0 -1
2729193017762641667 3 -2408.0 -1
8152190783379493055 5 5819.0 -1
5535173441049582225 3 7743.0 -1
6139385989695012790 1 -1000005.0 -1
2874533608453693305 2 5773.0 -1
1450883125311290144 3 -11017.0 -1
6998235797809898198 4 -6049.0 -1
1290048439705609509 6 -2128.0 -1
1577181599478072267 4 2493.0 -1
998109779700703457 3 4401.0 -1
1317683707496396000 4 -2781.0 -1
5958835335425251292 2 -1000005.0 -1
6819554476701320036 2 4915.0 -1
1830156953179239748 3 -1000005.0 -1
7587754235869556655 4 3834.0 -1
5428278190623232080 1 7425.0 -1
528729590811790937 2 -10335.0 -1
2632716792559773845 3 -8127.0 -1
6338944556314434272 5 198.0 -1
4904913159612022571 6 504.0 -1
195455836321996519 1 -1000005.0 -1
7326283531690157289 2 -1000003.0 -1
1813746665513151680 0 -7472.0 -1
8580402246384485292 1 1078.0 -1
2377776319151281976 2 -1000005.0 -1
9082499860021553657 4 9138.0 -1
2555707863955492454 2 -10590.0 -1
7046115518942393070 4 -8672.0 -1
5681796667370138311 5 6668.0 -1
1548564792542376539 3 -8643.0 -1
8032701260882661005 5 -1000005.0 -1
5947667760611448036 6 -3522.0 -1
7623927118636938294 2 -4551.0 -1
6102285113717976441 5 -1352.0 -1
9024326199786582299 2 -1000005.0 -1
2126652209329199563 2 -8523.0 -1
8146159403336527308 0 -1648.0 -1
5771525620495751632 1 -1000005.0 -1
1749840693084135898 4 -11006.0 -1
5960404845203733116 5 -1607.0 -1
6392737792384322379 3 -1381.0 -1
6179651043290284672 3 1589.0 -1
6876199836699737267 2 -1000003.0 -1
911080848913530156 3 -7084.0 -1
5071353284959974791 2 -4471.0 -1
3333261903766352001 3 -8022.0 -1
2682983975673499909 2 3730.0 -1
4387408811016521565 2 1000002.0 -1
534183709075773897 3 -5389.0 -1
6182879524606536564 2 -1000005.0 -1
7988598088566416518 6 -10102.0 -1
5695828795744180598 4 5239.0 -1
6344908460171733986 2 -4334.0 -1
3124359531303325047 5 -9649.0 -1
7837607697903714220 4 -5842.0 -1
2768441103999909598 1 8442.0 -1
8936621345617216448 5 -8994.0 -1
3708433266565997135 2 1000004.0 -1
3482523981400328150 4 -6004.0 -1
5223857601168667628 2 -6193.0 -1
8587623616318702033 4 -3513.0 -1
1211270743860198846 2 5924.0 -1
6178481608890809103 2 3237.0 -1
2655961650393074859 5 470.0 -1
355354515807844910 2 -1000001.0 -1
7255001006373591649 4 1000004.0 -1
7153566435763258010 3 -1000005.0 -1
6735570345728504821 4 -4024.0 -1
7498082995916222203 3 -8325.0 -1
6475318273388597577 1 -8755.0 -1
3251777434588374509 5 1000002.0 -1
1778976011393004837 2 -4716.0 -1
7118397400485996456 4 -7245.0 -1
1045622740396421985 2 -3277.0 -1
5792249737713520945 3 -7869.0 -1
6454860517530865951 5 311.0 -1
2761124917503787399 2 -1176.0 -1
5750379121257806102 3 -1000005.0 -1
1575457899782339504 2 -3994.0 -1
3777395489678009538 4 261.0 -1
1885735159791185971 3 -1000001.0 -1
402757424687553252 6 -5848.0 -1
8164849402020805095 0 -298.0 -1
3014789809251687839 3 -5965.0 -1
1130811587546474740 2 -5845.0 -1
5709918457828118296 3 -1000005.0 -1
4615482938849130059 3 -8788.0 -1
2684300095001832236 5 2999.0 -1
1700280124699305729 3 -1487.0 -1
8157180506724659542 3 -1313.0 -1
6302889588119004546 3 2410.0 -1
1207592419234127823 1 -8463.0 -1
1727960381304587429 5 -5453.0 -1
3257589243169167917 3 -3816.0 -1
886466633382550761 4 -13711.0 -1
332379163638579953 1 755.0 -1
463610416451635086 5 -5268.0 -1
2691546807448434826 3 2253.0 -1
3800856896549995369 2 1296.0 -1
1752601108300491797 4 -6639.0 -1
8968085978257755084 3 -1000005.0 -1
6309524111967539963 3 -1000005.0 -1
842368642599239243 3 -3733.0 -1
4457270129314124758 5 -9087.0 -1
1782695964663501910 4 -2263.0 -1
8354729354264635063 3 4446.0 -1
8739901039173367604 5 -7326.0 -1
2702400462737272088 3 -1000005.0 -1
6647485897683417489 3 -12457.0 -1
3167170807727486788 1 12429.0 -1
4460909168714630171 4 -2372.0 -1
7697581072736420334 2 -1000005.0 -1
8172631128437437237 1 -1556.0 -1
2863089978471076880 3 -5121.0 -1
2617064138680941028 2 -4934.0 -1
4451782687433643252 3 -1169.0 -1
4335126970271301718 4 798.0 -1
8416738911362433293 0 4421.0 -1
3505324340074765737 3 6846.0 -1
6008974576212863521 2 -5837.0 -1
7480479120425881 4 1338.0 -1
3588345998875167255 5 -724.0 -1
2566048784684239715 3 475.0 -1
6108512285589470132 4 -1000005.0 -1
760428236891848373 4 3407.0 -1
5944966909151550558 5 524.0 -1
7281864008870162048 3 6081.0 -1
4692508119312538435 3 -230.0 -1
2343860000068872129 4 -1003.0 -1
3624100197532287405 0 567.0 -1
3742866017286075753 2 7295.0 -1
3010407952027492909 2 -6462.0 -1
4188486597942957250 4 -992.0 -1
2879217047560195108 4 -1893.0 -1
3515797620259263061 2 5965.0 -1
630551546397429879 3 -6063.0 -1
2896350914262377198 6 1000004.0 -1
481431862374739230 2 -5134.0 -1
5071982130744643780 3 1000002.0 -1
6128921602807395157 2 -8299.0 -1
3817071732999950774 4 2737.0 -1
6495627987178376626 4 -8657.0 -1
5864602388910382643 0 -1000005.0 -1
6679826642507341281 5 -2930.0 -1
2644581183582756729 2 1132.0 -1
3021002192860516296 2 -1239.0 -1
7247419620938612076 2 -3783.0 -1
326152371232985311 4 3650.0 -1
4654488062309626271 3 -6306.0 -1
3050444803173159259 3 -3612.0 -1
2881155421721686663 3 -1978.0 -1
5801812866827502237 2 -5083.0 -1
5038384459278752697 2 -6367.0 -1
7109495760538104212 2 -2226.0 -1
80087211156672375 3 -1000003.0 -1
4694216505886803074 3 9306.0 -1
8606757470002202829 4 -8054.0 -1
4900249451433935339 1 2644.0 -1
5778699243118675208 4 -5271.0 -1
4911976756789695769 3 67.0 -1
2657363729887063228 5 3557.0 -1
4701817288492574534 2 1878.0 -1
4534181015222945872 1 -1000005.0 -1
5156997816098075338 2 -8690.0 -1
2352052823238514096 2 -7977.0 -1
7880969766818493749 1 -1000005.0 -1
2636394011984503333 4 4351.0 -1
6216994648495252347 0 -7095.0 -1
7791258429458806230 2 1556.0 -1
1448201613586381760 0 -1000005.0 -1
2079310647577576652 1 -1000005.0 -1
7494891530649629428 4 -1000005.0 -1
630692610142545392 1 -8136.0 -1
6990704571472801083 6 -1000005.0 -1
6922051932189479874 4 -1000005.0 -1
1704138166803454775 4 5431.0 -1
5720264941827371971 3 -337.0 -1
1856003150892064400 4 -12532.0 -1
5364490108104208181 2 -1000005.0 -1
4777781812904567224 0 -1000005.0 -1
8438483983015770022 3 -3224.0 -1
7929385126039062436 2 -5214.0 -1
9128431920492657493 2 -9234.0 -1
8651760426993355304 5 -1000005.0 -1
1847701092918434232 2 -426.0 -1
1756090115517224655 5 -8504.0 -1
8689546515825213987 5 -10712.0 -1
3868820760853982430 4 -8333.0 -1
5074447173305534514 1 6508.0 -1
6109081096730642002 4 -3859.0 -1
7754640054470448373 1 -7452.0 -1
2668715537172934836 2 -3562.0 -1
8410689703076170302 3 -4014.0 -1
4988176585640315339 3 -1000005.0 -1
8063734599727738654 3 -5777.0 -1
7893336464934941681 3 -1000005.0 -1
6679199804299038622 4 -1000005.0 -1
3169250150705922575 3 -10329.0 -1
5235826478161045615 3 -2003.0 -1
1272835878475923922 6 -1000005.0 -1
6676651386714458487 2 -138.0 -1
2201112999612852880 1 -1000005.0 -1
6390435939944179619 4 -12781.0 -1
5936285403688027815 3 -5620.0 -1
2508219308006478485 1 -7853.0 -1
302143814478263295 3 13719.0 -1
1064238005352246681 6 -2542.0 -1
1922667478673534512 3 -3697.0 -1
1600845969270752349 4 1352.0 -1
3502207083354876818 3 -1090.0 -1
8508038212551963614 2 -3887.0 -1
306367039133794811 1 -1000005.0 -1
2782821818442468008 1 -1000005.0 -1
5220012754342202605 5 -5816.0 -1
1662121029379500427 1 5586.0 -1
1475333885117887151 5 -8004.0 -1
8697253295196015032 4 -756.0 -1
5603692446754120452 1 -9965.0 -1
6153371301771883464 3 -10559.0 -1
8022725927902227978 3 -7992.0 -1
2017026762176733143 1 178.0 -1
7607979127857843875 1 856.0 -1
5722593400925786664 3 -1000005.0 -1
7281770096981161424 4 878.0 -1
5290677596796999026 2 6226.0 -1
1356490405370760776 1 1174.0 -1
992877156668106911 2 -4835.0 -1
905648541633699942 3 -1760.0 -1
6904381745919508332 3 -2178.0 -1
7855332224592375954 2 -816.0 -1
5432238987075578177 3 -689.0 -1
7901886651108417033 3 -5303.0 -1
4613360107336113456 4 -4750.0 -1
9000923857414753008 3 -7942.0 -1
6251609240189795991 1 1314.0 -1
3684528268982790505 1 1454.0 -1
5057162670407964835 4 -7464.0 -1
9082672785971523353 0 4381.0 -1
1724240366901809441 4 -1000005.0 -1
4187401174605768820 3 1687.0 -1
5879344869610038434 5 -1000005.0 -1
1025298919229949365 3 -11649.0 -1
7604307050224158670 5 1000004.0 -1
7309998514688060458 4 712.0 -1
8554707117079078980 1 4706.0 -1
3755845992814047208 2 7023.0 -1
6165502280565503482 5 -1000005.0 -1
5388765065248688791 4 -2599.0 -1
6134058974699626622 2 -7283.0 -1
1021026660552613174 3 -13083.0 -1
7991315207216144199 2 -9529.0 -1
7081216159221594055 0 -10599.0 -1
879790869328217767 5 -882.0 -1
5209609602523347343 0 -1000005.0 -1
3583825573841438574 5 -7958.0 -1
7663586728151860338 3 -7389.0 -1
6085251854530917237 3 9306.0 -1
3192298274971767700 5 -1602.0 -1
6382867528751246944 3 -1000005.0 -1
6099997808921869623 1 -6978.0 -1
4987350069314839570 1 -2160.0 -1
5084505485076466068 0 -1000005.0 -1
4923686023851083364 4 -6008.0 -1
6060148338764637110 1 2815.0 -1
8952515756318342580 2 -973.0 -1
6813131638630849633 3 -1000005.0 -1
4111466654041874752 5 -7148.0 -1
4276981425583587096 1 -1000005.0 -1
8275639614568536659 1 -4344.0 -1
6546413827866596786 4 -6181.0 -1
7099702109555037595 6 949.0 -1
1314926777694793625 1 -3015.0 -1
9141440338075904597 5 -4417.0 -1
4790429620750637836 3 -8630.0 -1
4215270204502420805 3 1169.0 -1
1851847413104410109 3 -1871.0 -1
3625065340905258674 4 -10912.0 -1
4213518797565089099 5 -2437.0 -1
8495241293637700843 2 8383.0 -1
2515960898729208585 3 -3719.0 -1
3533735498054994681 2 -7367.0 -1
1709403260257349248 1 -8536.0 -1
8596887026742350559 4 -2019.0 -1
1716885305732666378 2 -1704.0 -1
8596767491750942412 3 -5147.0 -1
185865704323497700 3 -1000003.0 -1
4013156071379857629 4 -1000005.0 -1
6307095623003437455 3 -4615.0 -1
2572344199359870391 0 -1047.0 -1
6562493092105293265 2 -13466.0 -1
2908339739869971268 2 -2427.0 -1
1196992487404862923 6 -1000005.0 -1
8939862051785969950 1 -8293.0 -1
8164309851641401110 4 -1000005.0 -1
3973353735885742309 2 1169.0 -1
2263807767827794682 3 -1173.0 -1
8251620366265075334 4 -5496.0 -1
8757624909732537818 4 2107.0 -1
3950773322305993779 3 -5174.0 -1
2446120906941616562 3 -1856.0 -1
3398556745006255297 4 1000004.0 -1
6274382869016527808 0 -1000005.0 -1
4110689337344702694 5 -5565.0 -1
7008474735725225598 2 -4339.0 -1
5874744810258807034 2 -1000005.0 -1
3882341553556174142 2 -5323.0 -1
6792970846851627310 2 -3274.0 -1
915979004073805963 1 -1000005.0 -1
7328182699324646704 2 -4628.0 -1
4520144454002889306 5 -8110.0 -1
5559723223220640698 4 3198.0 -1
9128590427081023985 3 -4159.0 -1
6366077615713404285 4 -6008.0 -1
5036010181999855614 4 -1000001.0 -1
8601037095218131788 3 -3858.0 -1
5236624359327415482 0 1000004.0 -1
4115814993896812375 3 -1525.0 -1
6829534889612717661 3 -4250.0 -1
7887358588028820974 5 -9799.0 -1
1906081679285671466 1 -3807.0 -1
6908376003944561832 1 -1000005.0 -1
1844196845423545426 1 1652.0 -1
3391362746620737642 2 6556.0 -1
1149445147317140169 5 -6066.0 -1
6157571676003737932 4 -645.0 -1
8076231499341575712 2 -4944.0 -1
7560028581201866410 5 -3630.0 -1
6945543300561208663 4 -11685.0 -1
3139148356829768353 5 -1000005.0 -1
7578722250299672332 4 -1593.0 -1
3157876952358452178 5 -7089.0 -1
6311332678951576063 4 561.0 -1
56785972268302071 3 -1000005.0 -1
3123481044697432070 6 -9145.0 -1
7781724882324089145 3 -1215.0 -1
4007519539659841661 5 -4745.0 -1
4818105996378370693 3 -1000003.0 -1
8124488172419690821 3 -1000003.0 -1
828874285556859055 3 -9769.0 -1
2739130611492001884 3 3900.0 -1
4418188853101643846 3 2729.0 -1
4407139923264416546 2 -3666.0 -1
6101715060816566345 3 -1263.0 -1
3494149925791798883 1 -2135.0 -1
1262206428266314639 5 -1000005.0 -1
1777988001854407027 0 -738.0 -1
7469132577320158806 2 -15094.0 -1
8757200046304981889 2 -3973.0 -1
6188242530687090620 3 -4107.0 -1
1201138892493571882 0 1000004.0 -1
2428159086358096618 3 -1000005.0 -1
4158654484104422694 5 -1696.0 -1
5239764628497188012 4 1000004.0 -1
3794438540225265463 4 12746.0 -1
2228348358343126330 5 -1000005.0 -1
2605412628836322759 3 -2795.0 -1
8044817379943242009 3 -1000005.0 -1
7435282607517655714 2 5732.0 -1
8363118215398629068 3 -11131.0 -1
5897940678839063182 4 -1000005.0 -1
3533423657874243970 3 -3489.0 -1
9006811021065430443 3 -6407.0 -1
4949317507901427604 1 -1000005.0 -1
4424877720670207624 5 -1000005.0 -1
6284850799037203808 4 8466.0 -1
3311299276061102173 2 -6511.0 -1
4225713412011210484 4 6204.0 -1
7481768356221733137 1 1000002.0 -1
7169099069117619841 3 -9326.0 -1
4417659832954659978 6 3358.0 -1
4615511266584048828 3 -4750.0 -1
2412825212919906759 1 8521.0 -1
1931472666332279502 2 -1000005.0 -1
4141290198448877669 4 -9591.0 -1
8637305774980996124 5 4183.0 -1
4818641336554006796 5 1000004.0 -1
7288555162294794051 2 -1000003.0 -1
7624987764764911086 1 -1000005.0 -1
5722112273631207767 6 1227.0 -1
2042458648077175900 1 581.0 -1
5926915652290162207 3 -1000005.0 -1
280343680954232050 4 6046.0 -1
5529542262556780967 3 -11502.0 -1
9140700196552310566 3 -1000001.0 -1
7359000827149135914 3 4334.0 -1
184826634734799486 0 -4456.0 -1
6237963155573880645 1 -1000005.0 -1
2476534240385287810 6 1000004.0 -1
2673112063150104282 4 -1000005.0 -1
6518969728280908737 1 -1000005.0 -1
4556896344416013182 1 -5106.0 -1
8896927561943285607 0 -6668.0 -1
3280986067771009761 1 5391.0 -1
4729845468738797569 2 433.0 -1
6149941380415830278 5 -1000005.0 -1
6488580197080469165 2 4395.0 -1
564872853659023595 3 -4630.0 -1
2740845583343831953 4 -3750.0 -1
5057206075424114671 2 -3413.0 -1
3615079645855096429 5 -3166.0 -1
6169453656787246464 6 -6488.0 -1
6250375170210085487 2 -8252.0 -1
1127895551295242390 2 3519.0 -1
8065291415910611454 2 -482.0 -1
5963600306014244043 3 1354.0 -1
5727240423243445642 0 2034.0 -1
1078560808132985923 0 -6243.0 -1
8261453013602415568 0 -1000005.0 -1
8887196842320736307 1 -1000005.0 -1
3940505486451295106 4 1000004.0 -1
4998775415312639405 3 -5886.0 -1
4527900941211904690 1 -100.0 -1
588757590032093684 4 1091.0 -1
8583940558713953990 6 -2832.0 -1
1545051991967749117 3 -5721.0 -1
6360325577894093494 3 6481.0 -1
4524285891447431294 1 -6570.0 -1
6148926082100136416 3 1000004.0 -1
1626214056367242160 5 6461.0 -1
7109734228640965654 2 -498.0 -1
4595710656783587089 3 -4676.0 -1
2321914519735629278 2 -1000005.0 -1
7535559771764749890 4 5247.0 -1
8396088329204708077 4 -811.0 -1
927168832487366269 3 689.0 -1
2874918976919404536 4 -5813.0 -1
4095659557591163289 2 -1894.0 -1
928621315587739773 1 -9264.0 -1
350721045885616059 5 -2106.0 -1
463835362450298486 2 3812.0 -1
6538930537654139149 1 4422.0 -1
2627986504027527789 6 -242.0 -1
6156943939233778780 6 -1000005.0 -1
8344717987841861101 3 3051.0 -1
5667169083163878459 1 -3479.0 -1
6279059184731377519 6 -1000005.0 -1
5795929984663015423 2 -1000005.0 -1
9004002881167075915 4 -5438.0 -1
5877643914464899928 3 6239.0 -1
2117787714738999742 5 6031.0 -1
7137406021880944343 5 2039.0 -1
18572096398108973 2 1137.0 -1
5385712584577947470 2 1266.0 -1
1167751572650085566 3 -1000005.0 -1
3253917602081014644 2 -11091.0 -1
1781682002333494209 3 -10569.0 -1
6186878140111073835 6 -1000005.0 -1
3462729621100829223 6 8270.0 -1
6958582019855186671 3 -4271.0 -1
5669698794113995749 2 -10135.0 -1
1043911103350129481 3 -9465.0 -1
3750078776235074331 0 -5451.0 -1
2117948200666284123 2 -1000005.0 -1
5978607051408486847 3 10219.0 -1
1604795119412289984 3 257.0 -1
7457125913580256585 4 9418.0 -1
858682563769853564 3 -4251.0 -1
1624178184670484541 3 -7107.0 -1
7550608086410656907 1 -1000005.0 -1
6189893359020378151 3 -10329.0 -1
6181849674228144756 4 1000004.0 -1
6280967042562320322 4 -2745.0 -1
1287812358786719390 3 -4220.0 -1
2471949614006419917 1 3851.0 -1
2795130337000421431 6 -1000005.0 -1
6457540528358321951 1 -4569.0 -1
178726458780848187 3 -4756.0 -1
2821422062348342231 4 -6468.0 -1
8062447328270631992 3 -8118.0 -1
1194109583228240087 1 -1000005.0 -1
482024683062454683 4 -1000005.0 -1
6954436856321633586 4 -1000001.0 -1
6299001047360461804 5 -1000005.0 -1
3465972199417963458 1 7106.0 -1
5090091251363563852 3 -7722.0 -1
1727982917383685917 2 2057.0 -1
2163408114429044155 4 2733.0 -1
1750672161042227558 0 126.0 -1
8981082075156392278 4 -1000003.0 -1
2171247436669393214 3 -6506.0 -1
2993575501968278681 2 -1000005.0 -1
2156717973096819299 2 -1000005.0 -1
5196947727779920340 0 -1000005.0 -1
7826918405017312779 4 -4178.0 -1
8781444882137984391 1 -1000003.0 -1
4137116096498990426 3 -1000005.0 -1
270871030057393612 4 -7705.0 -1
2444406196616662235 2 -5678.0 -1
8933043812996362249 1 -6815.0 -1
3818798119234157283 1 1000004.0 -1
5691564452322726642 3 -2430.0 -1
1937597210097397368 2 -1000005.0 -1
1893243000180910112 4 2599.0 -1
4126282916906094239 1 -1000005.0 -1
6797048644646525824 1 -3754.0 -1
4614987969100111014 3 -1000005.0 -1
291610807067695866 4 -3689.0 -1
6761678854275107829 2 -7678.0 -1
5017077596647036161 4 -1000005.0 -1
8748796309911735662 3 2165.0 -1
7838976043544733391 3 908.0 -1
1653467941382065240 2 2562.0 -1
6897781195524519487 0 -1000005.0 -1
575449347727270195 2 -7916.0 -1
7141465770277459419 3 -923.0 -1
307875337260145086 5 -2688.0 -1
8912426018220891115 4 -3878.0 -1
4263020687057625305 0 -2461.0 -1
4037177636457023743 4 -6097.0 -1
8000666637572040110 1 -8004.0 -1
776178301195090514 3 -2280.0 -1
4375829078428476397 1 -1000005.0 -1
115053108694806561 3 -3142.0 -1
8737052907285361435 2 -1000005.0 -1
4769598669518658779 4 -1328.0 -1
7066620257111941002 2 -1000005.0 -1
4239341300131187931 4 12773.0 -1
7041067689852590811 3 -3982.0 -1
7798704924479409364 3 -1000005.0 -1
3784200683932036579 5 -4836.0 -1
9197953126360335601 6 -3661.0 -1
5254276458081205314 3 3289.0 -1
4213790594047990221 3 -7067.0 -1
8153877183287941804 2 2180.0 -1
8026571167719746386 2 -5245.0 -1
2288732245994222065 3 2969.0 -1
1066396093741894033 5 -9482.0 -1
3255598127682236513 2 -1514.0 -1
5265858800268757828 1 -1000005.0 -1
3553185017512450611 3 5939.0 -1
2223120930337726580 3 -7440.0 -1
4232867665493093726 1 -1000005.0 -1
1641936546973272040 4 -11405.0 -1
8425562737795008744 4 -2160.0 -1
2064279273711308492 3 -1116.0 -1
15405435216849164 0 -8987.0 -1
1119794455405748438 2 2444.0 -1
7423659007302743498 5 6327.0 -1
3126304429385770200 2 -8674.0 -1
1516785781777276208 2 -2744.0 -1
4816100534538441526 5 4520.0 -1
7868724292716732240 3 -4541.0 -1
7707991073904492469 0 -1315.0 -1
4795051210868223759 3 3899.0 -1
3342996693070315477 2 -1137.0 -1
153195737198935033 5 -3847.0 -1
3511951455314784322 4 -8670.0 -1
5323356762018010717 3 1679.0 -1
4401355013813732222 5 -3430.0 -1
3379492634093685706 2 -1233.0 -1
6728695811155651195 4 -3324.0 -1
1342492518556723962 2 -2977.0 -1
20996210946109288 2 -2986.0 -1
3142544372931238994 6 -3021.0 -1
1040134772444483246 3 1000002.0 -1
7310157549663904992 2 -12319.0 -1
2523396172377958811 3 1000004.0 -1
6229677554173897412 0 -2315.0 -1
7965167688397204441 3 -7471.0 -1
4160693290130533221 2 -6562.0 -1
2495507422338037092 4 -6690.0 -1
8035210120619387489 3 -1716.0 -1
7910460841294009049 4 4921.0 -1
2982580920222719118 1 -1255.0 -1
6814125337303775061 3 -1000005.0 -1
1301458074321067285 0 -9027.0 -1
5237954546950114334 6 -5450.0 -1
5354693596719045018 2 -1000001.0 -1
7692606912713852195 2 4866.0 -1
6468204928697476465 2 -2395.0 -1
4641744966911163213 2 -1000005.0 -1
6226645372969001809 4 58.0 -1
3543848259105429537 1 -11997.0 -1
6824121983242212493 2 -2263.0 -1
1738764864060014739 2 -1000005.0 -1
7692785501661592914 1 -1000005.0 -1
7284727079976101371 6 -1000005.0 -1
4606464800091688093 3 -3372.0 -1
733943169632938979 1 2664.0 -1
7302391254242429077 1 -3262.0 -1
6293123262659910768 5 4358.0 -1
8186078389217779792 3 -4780.0 -1
1005773799936502369 4 563.0 -1
2924411190071267956 1 -1000005.0 -1
6661242098181610257 6 -10759.0 -1
8987680748561073112 3 5013.0 -1
4706724304205792668 3 -1000005.0 -1
186905678362354280 5 -1000005.0 -1
7693754633145040501 2 -6775.0 -1
4369146186825521814 3 -1457.0 -1
6167453843788824750 3 1000002.0 -1
3831617466476538474 5 -5217.0 -1
3839682939534928658 4 528.0 -1
2020134244490296326 3 -1000005.0 -1
3978501788281380257 3 1763.0 -1
5625861627020154732 3 -2524.0 -1
2783951579969401923 3 -2206.0 -1
1024311373986302472 4 -9320.0 -1
8435622911224446407 3 -2021.0 -1
145742167845649062 1 -1000005.0 -1
8719875589427720445 3 4171.0 -1
2895028107750953464 6 -5767.0 -1
1253740335920661598 3 -4600.0 -1
4079388211582510344 1 -2328.0 -1
6768230812099175126 3 -388.0 -1
3281818136719198470 4 -1038.0 -1
7353597772641585009 4 1000004.0 -1
1678322513093816683 3 -1000005.0 -1
1186807013130344554 6 -1949.0 -1
5111988974657880595 2 -2258.0 -1
6516986297335528450 4 -2341.0 -1
749081370196088242 3 -9327.0 -1
3521570249224626433 5 1000004.0 -1
2576869122218467752 3 -1000005.0 -1
8839397529901577616 3 6524.0 -1
4636451718182169680 1 -6415.0 -1
99645252544529136 4 -1000001.0 -1
4028844662093716571 4 -6185.0 -1
1003568832161141176 4 -1577.0 -1
8819432881101322027 3 -1062.0 -1
6296091884019147068 3 -3113.0 -1
3364170585478997745 5 -3586.0 -1
8218332172359713914 3 311.0 -1
6675126360946635757 2 -3456.0 -1
7291677850483650964 3 1000004.0 -1
8406221497339276605 2 -2406.0 -1
2607941492360415161 2 4521.0 -1
1999732986440237950 1 -1000005.0 -1
207431563951819741 1 2663.0 -1
8440545391945513808 4 -1000005.0 -1
3708289452521410412 2 1698.0 -1
6261269526454605443 3 -4613.0 -1
7413685129893413379 1 -1000001.0 -1
6393660386012671518 2 -7409.0 -1
5312523152981782772 1 -1000005.0 -1
4677703855219302534 6 -3498.0 -1
6369599832537827974 4 -3343.0 -1
5167018965133417457 1 -5331.0 -1
444409677538391581 3 7049.0 -1
5232522860146527500 2 -608.0 -1
1944092476424870018 0 6334.0 -1
3814283532801376017 3 -2902.0 -1
5303350709723535566 4 -1000005.0 -1
5131223232522174119 1 8746.0 -1
4814159762241785361 3 8860.0 -1
8546450711480030572 2 -4060.0 -1
6994363961310361123 1 -8176.0 -1
4708620395498780606 5 -7886.0 -1
8065631505385877822 2 -8469.0 -1
3905382864798118780 1 7196.0 -1
5264918493350602142 5 -5972.0 -1
7107971474337283524 2 2551.0 -1
7407884822083446009 4 -4299.0 -1
5459600518064368698 6 -9419.0 -1
4797341879429586580 0 -4411.0 -1
1408235257634935309 2 -1842.0 -1
2576754312785331236 4 -333.0 -1
8853662560081051557 3 -720.0 -1
8629665581150940848 2 -5.0 -1
6374179299592734816 3 -13733.0 -1
932857179073775631 4 -7237.0 -1
4759396546751052070 2 -7361.0 -1
8279418070473846078 5 -1000005.0 -1
4541942108745875936 4 6578.0 -1
1340832659449173903 5 -1327.0 -1
5793233942373802127 4 -2365.0 -1
1541173148101816529 0 -7257.0 -1
2413573820541499889 4 8368.0 -1
6599042107765520879 5 -1457.0 -1
7166471997948214726 3 -1000005.0 -1
2452179797333569373 1 -6392.0 -1
4454470586428325486 4 3347.0 -1
7161386955874337973 2 -3225.0 -1
8606373535410871962 3 -1034.0 -1
5746210413620388996 2 -14052.0 -1
6900375259685419942 3 -6709.0 -1
2147384167696495674 4 5180.0 -1
3092217232850935070 1 8614.0 -1
2974003431477370806 4 -7490.0 -1
6121450077268805584 3 -4097.0 -1
5254770127296546834 3 -1000005.0 -1
8043972724404732050 5 -8163.0 -1
1497548621407149100 1 -1000005.0 -1
9204917010426813755 0 -3637.0 -1
6789031753110656997 2 -9612.0 -1
3247569314791626019 2 1103.0 -1
8200964637139517612 3 -371.0 -1
6872079496065641275 1 -4575.0 -1
7987842218620554486 5 -1000001.0 -1
7234491093936471866 2 -4301.0 -1
2736685439500646077 3 -8096.0 -1
8921910932819470798 1 -5856.0 -1
2952420278984267304 1 1000004.0 -1
2659157819683918381 0 -3424.0 -1
8249220308861206275 2 -1000005.0 -1
6495457280566004940 1 -1000005.0 -1
3282187843160654981 2 -1000005.0 -1
5977494833817443758 5 -12107.0 -1
4793882732555185264 1 3427.0 -1
2133629268254003558 3 -1000003.0 -1
2503106608990285718 5 1000004.0 -1
3337382311275422268 3 -1000005.0 -1
431158457052016390 2 500.0 -1
5097230421043543759 2 -15930.0 -1
1232296797630257674 2 -6283.0 -1
3168077498421114090 4 -3106.0 -1
3007526063352217227 5 1213.0 -1
2628929110456772081 4 -8082.0 -1
1783623615830948489 0 -3718.0 -1
6850513736371250015 5 -1000005.0 -1
2365266134698511565 2 -9385.0 -1
4787168819768064054 2 691.0 -1
9012343842771080457 4 1000002.0 -1
3876469245814298212 4 -2425.0 -1
5480024689309848376 3 -367.0 -1
2309182550416105124 0 3713.0 -1
3791652591711110970 4 3952.0 -1
3810801037089443365 3 2695.0 -1
8018035799135423867 5 -1000005.0 -1
6925893071553983929 3 11275.0 -1
1360946028198350352 2 -6363.0 -1
3773139293959390184 6 -5136.0 -1
5354090368551784259 3 -8142.0 -1
8731918710587811267 4 -4983.0 -1
9166755750899440339 2 -1501.0 -1
6961407021158102609 4 -5695.0 -1
2770116175234298340 3 -345.0 -1
6126237649457998120 0 -1373.0 -1
1914611353611698581 4 -6477.0 -1
322077091473840528 1 -6322.0 -1
3619442329374152681 2 -4096.0 -1
4425168842742706467 3 -8433.0 -1
3469107171613354088 2 -9083.0 -1
560550523203632468 3 -1000003.0 -1
5748199685873870153 3 2557.0 -1
2081528044164540687 4 -1000005.0 -1
7346955554576521960 3 -6883.0 -1
4932962624154743049 3 -9948.0 -1
1519270004141990641 2 -8907.0 -1
2388935379245043545 6 -1000005.0 -1
7397492722884522981 1 9169.0 -1
7257874609021204511 4 938.0 -1
6643735996689442709 4 -1000005.0 -1
798879394835222847 1 -1000005.0 -1
8942001407540020913 3 4105.0 -1
209430077636178579 0 4316.0 -1
7951427652385126291 5 -2927.0 -1
1590716545559039753 3 -1000005.0 -1
357903342859158003 2 -2657.0 -1
7972524352944706342 6 1000004.0 -1
1417997010888091809 5 3835.0 -1
1514334891941570273 6 -5000.0 -1
2491409940215304094 4 -8021.0 -1
3795440966091146572 3 1000004.0 -1
6161998410951982962 3 -1000005.0 -1
3752896720315729875 4 -1677.0 -1
4424209263586748124 4 -1000005.0 -1
2006073475394496909 2 -4875.0 -1
8002371460184866084 2 -1000003.0 -1
7918891833036068934 5 -7787.0 -1
1191112401603860112 1 -9423.0 -1
5510651841435069470 5 -1944.0 -1
6331704341871861015 3 -6479.0 -1
5674154666397221193 1 8156.0 -1
2293271209848539183 3 2331.0 -1
2937419912653305753 2 -3943.0 -1
5704583785475776112 3 -1000003.0 -1
4216745610445356761 5 1000002.0 -1
5607135438900763746 3 1978.0 -1
1467276517017582871 3 -1000005.0 -1
3345114766831924931 3 -1000005.0 -1
5977419375009630242 2 -7979.0 -1
3995831916602948260 2 -8287.0 -1
9186548884075790489 3 -3269.0 -1
6545704139798809884 4 1000002.0 -1
772800665918274542 2 10473.0 -1
2292550235636037693 4 4455.0 -1
723535623332542384 4 -1790.0 -1
4871561331366732925 0 -1000005.0 -1
5628546264457693252 3 -15585.0 -1
6611131883584049944 1 -2290.0 -1
215162781305693838 5 -1000005.0 -1
2462367095673068109 3 -11710.0 -1
3418054770893628834 4 -1000005.0 -1
3898743289796520719 3 -8812.0 -1
5386390070884883135 1 -3606.0 -1
4919179153359820846 2 -1129.0 -1
4347987291569892177 1 -1000005.0 -1
6834559778083445876 6 -1000005.0 -1
2917610601983283884 1 7796.0 -1
2722608192775819549 6 844.0 -1
1492748196845945765 4 -1000005.0 -1
4082967428992255642 2 -886.0 -1
6290032499030566832 0 -1000005.0 -1
5879549278423572738 4 -7144.0 -1
4869348042021174382 6 -5482.0 -1
5216129279611070850 3 4087.0 -1
1773088786217870930 6 -1000005.0 -1
5756945470527448888 5 -17629.0 -1
2317692310774709017 5 -9802.0 -1
8598897416706395021 4 743.0 -1
6787100919911529946 4 -1706.0 -1
3579654073392360233 3 -2301.0 -1
3970505246977953581 4 -6711.0 -1
6236464358189456440 2 -4865.0 -1
1010539932710130562 3 1091.0 -1
3271838205563016829 2 -12766.0 -1
7142985015589367741 4 486.0 -1
3179271622650130328 0 -1000005.0 -1
4939271428399897465 3 -11683.0 -1
3985402325604654190 4 -5148.0 -1
358790894779730094 2 13023.0 -1
1473848459983606526 3 -6403.0 -1
4472799396947551790 5 -1830.0 -1
1894539024513683447 3 -3590.0 -1
538738370564566366 4 -6158.0 -1
810780384925495467 3 2728.0 -1
3468138229930962505 3 -6248.0 -1
1816113368380489647 4 -1290.0 -1
5256766891375783933 0 1000004.0 -1
726348377966935586 4 -6049.0 -1
5982753452225430244 4 -3610.0 -1
7511509815828892889 3 -6219.0 -1
8042971751404287626 1 -1000005.0 -1
4450797154272895929 3 -6459.0 -1
8472512211436207456 3 -1871.0 -1
1859188998481913415 6 -1000005.0 -1
8467066553103974182 4 -1000001.0 -1
5057870213052561605 5 -7596.0 -1
8548405449910704120 2 -1912.0 -1
789014324443224149 2 -5557.0 -1
6535056862925599082 2 6664.0 -1
1114973686779777630 2 -3404.0 -1
1034220257226235164 4 -5003.0 -1
6368525809282106583 4 -1000005.0 -1
280777317438652818 0 -1000005.0 -1
203024577389298952 4 -3134.0 -1
1664557501503478169 5 13374.0 -1
4821075560262006044 3 -9814.0 -1
2771783388684274958 2 -7941.0 -1
3277993197179814897 3 -1561.0 -1
3715036404707550634 1 -9477.0 -1
6162792149132346151 3 -6740.0 -1
7912305368677646729 2 -2286.0 -1
5536586675602862480 1 -9121.0 -1
672832136269142493 4 4336.0 -1
6669379809277493040 3 -1000005.0 -1
7434574004429122267 3 -1000005.0 -1
1140486677742792365 2 -1000003.0 -1
8369245282451378365 3 -6887.0 -1
6250662497869481094 0 -1000005.0 -1
406259876013566165 4 15157.0 -1
4434941263230453377 6 1000004.0 -1
7886054971148267572 5 -1000005.0 -1
1205787379400642625 3 -9418.0 -1
8097855609462128338 3 -7005.0 -1
836444397928459477 3 -1000001.0 -1
1957518961355807 3 -1000005.0 -1
2500689440696571173 2 -5648.0 -1
7645322281820578129 0 3562.0 -1
5516476030990639115 4 -647.0 -1
6893210538747226049 1 -4330.0 -1
2942033662889602869 1 -1000005.0 -1
1212754567948308833 0 -4968.0 -1
1830674491266711762 6 -5704.0 -1
831021931416218939 1 -4243.0 -1
6354058808075574686 1 1000004.0 -1
3285008847022635861 3 -2228.0 -1
399960156779312934 2 -1000005.0 -1
4763190728580360952 0 -8955.0 -1
404988410391525097 4 -8159.0 -1
8275546690561387579 3 -5097.0 -1
2559291828471891787 2 1000004.0 -1
1592224786030077380 4 1796.0 -1
7104488115733187499 3 -5129.0 -1
5904922413199740183 4 -1000003.0 -1
5765565455616886320 0 -957.0 -1
8844798026433746855 2 -3165.0 -1
3519404009840147014 2 -79.0 -1
6613193790418810252 4 1000004.0 -1
6018653954005251671 4 -9651.0 -1
5499696003592572093 4 -1000005.0 -1
8767434233161178679 2 4350.0 -1
7753120688474516130 1 4908.0 -1
5372565552330389506 1 7441.0 -1
3780782488439046143 1 -5268.0 -1
1774281871902148381 4 -8098.0 -1
822950320228290767 3 7189.0 -1
5158628510432839687 3 7826.0 -1
2112218332420607901 3 -2931.0 -1
1328788132278405077 5 2125.0 -1
147673541250630883 6 -5585.0 -1
3663245858286243370 3 -6010.0 -1
3735575358576952294 5 -5113.0 -1
6965617222816935525 5 -1000005.0 -1
5042818215408748451 2 -7949.0 -1
5501341232946440049 3 3750.0 -1
729756643566000560 5 1000004.0 -1
5976296597791685951 3 700.0 -1
2675275506255531265 5 -10370.0 -1
6660245286272313079 3 1000004.0 -1
3475990114599462845 3 -6208.0 -1
882921406838034764 4 -1989.0 -1
2297774173752868967 0 -1000005.0 -1
3143993380685966198 4 -1000005.0 -1
2993901118305428477 2 -2939.0 -1
7986790711577912711 6 -3948.0 -1
4148564654202544897 5 -5844.0 -1
157174316178537154 2 -5822.0 -1
3345058054164498184 3 -1000005.0 -1
4176747797848757664 4 -1000005.0 -1
1978140233965934733 1 -6422.0 -1
6362864696840311929 5 -843.0 -1
6719395639505786739 2 -6475.0 -1
2608744615267955479 4 1000004.0 -1
2573704144218975847 2 -1000005.0 -1
9006025199405195905 6 -9996.0 -1
1691929915873892409 4 3454.0 -1
1117490923892374356 0 -1000005.0 -1
4875308823492067369 6 -5107.0 -1
7754692310457207253 5 -1000005.0 -1
9182609246815794217 3 -18877.0 -1
5822365921665437097 3 5812.0 -1
7811113291976795262 3 -5694.0 -1
2220248519891607837 0 2433.0 -1
4472867228438652705 3 1233.0 -1
2177197631584454982 5 -3397.0 -1
7392075678360187108 3 -4393.0 -1
7725935521764329647 2 3675.0 -1
2121752428051129863 4 7186.0 -1
4449528942134986792 4 1562.0 -1
34969425770860382 0 -2455.0 -1
3795707928021361280 3 -4187.0 -1
5937829093805936001 4 -11118.0 -1
2909203878084533004 1 -1620.0 -1
6132997699614028422 3 -1594.0 -1
3964934726413036527 4 -1000005.0 -1
2309937462515993587 2 1990.0 -1
3175575108407990356 3 -1000005.0 -1
8569521016465896558 4 600.0 -1
952792443813575294 2 1000004.0 -1
4806367210962536567 2 -353.0 -1
6234679217182137169 2 -15292.0 -1
6695081787568074087 3 -9570.0 -1
8409530948626792743 3 5275.0 -1
4030077263152496476 5 -2160.0 -1
6624398874087981588 1 5176.0 -1
2234880052903638695 3 -3326.0 -1
8420496483600326559 2 -1000003.0 -1
8614091353216514075 1 2880.0 -1
3365903180623825414 3 872.0 -1
824162047567072306 1 -1000003.0 -1
5839312820794981402 2 -5330.0 -1
982596201127327901 4 2137.0 -1
222350185014403618 2 -1000005.0 -1
8513149723407438652 3 -861.0 -1
4176685557926312139 2 -13244.0 -1
8947139277274812650 1 -5468.0 -1
5582707245800682445 4 -4994.0 -1
8071292666776412788 2 654.0 -1
3641522136230039258 4 4255.0 -1
6092336343694194638 5 4253.0 -1
4977729008478879563 2 -2563.0 -1
5284515079529882702 1 -1000005.0 -1
8309199772072462171 1 -1000005.0 -1
1634804891038354593 2 197.0 -1
2692836944578838814 1 10925.0 -1
1173276906989305384 2 -8817.0 -1
7297824960031526091 4 -1580.0 -1
3282770423452817882 1 3699.0 -1
1151533111809546548 4 2653.0 -1
5803532406475838485 2 -1000005.0 -1
8321640392305853534 3 -3432.0 -1
6902628462369256660 2 -1000001.0 -1
6683582865795714635 2 -1000005.0 -1
8694139461751971603 3 -5682.0 -1
2214421908549762218 3 -6268.0 -1
6221907417293325234 3 -1000005.0 -1
6899226226680338244 5 -2993.0 -1
4119610860941585719 3 -2830.0 -1
5799383963442949764 5 -2118.0 -1
495784457771688460 4 -1000005.0 -1
7187826954322125104 3 -7026.0 -1
6009527172179567753 2 -17387.0 -1
8009183878093710535 3 -8929.0 -1
6820880592217273657 6 -3743.0 -1
87975924454592089 3 -1000005.0 -1
1562041943633025236 3 -1668.0 -1
5774388780518901470 6 -9097.0 -1
209922882961129313 3 2331.0 -1
5935914514365513298 3 591.0 -1
249996622768886246 5 -1000005.0 -1
8084064653920167125 1 4978.0 -1
6815195666705681720 4 1964.0 -1
1364200137930321655 3 -5736.0 -1
3010805036546084493 0 -6588.0 -1
1163997406480817835 4 -13844.0 -1
3944813095907369412 3 -1217.0 -1
3950091523287415156 5 -4228.0 -1
5341379791644029664 3 -2919.0 -1
8380222457334253750 0 -1000005.0 -1
2660238566469013348 1 -1000005.0 -1
8036028613403580286 2 -10716.0 -1
1187486081473382020 6 -10945.0 -1
5899265859259182378 3 -8102.0 -1
8098381372593191129 6 -4400.0 -1
1574968831747036101 5 -12991.0 -1
267468894248456016 4 2828.0 -1
480592001979501030 5 3590.0 -1
2250574002740860750 2 -6520.0 -1
2458780397397959017 3 -3696.0 -1
3657658383743533499 1 -5779.0 -1
8706822547376471491 4 -5752.0 -1
7085753788003920218 0 1000004.0 -1
662965639018261026 2 -981.0 -1
6751781573795974237 4 831.0 -1
761807684781841238 3 -5144.0 -1
3781519333569261634 5 39.0 -1
1863571500574457772 1 -5117.0 -1
3116308445533396212 5 -1000005.0 -1
7470884016033576015 4 7849.0 -1
5862277125935600013 2 1709.0 -1
937788658734589427 4 -381.0 -1
3324641507987361675 4 -4412.0 -1
3136294677732600503 0 -1000005.0 -1
7373377127980994075 2 -6319.0 -1
89558658526414706 2 -1000005.0 -1
9054609599385035395 4 -4766.0 -1
870872937639950770 1 -4542.0 -1
5552195122417340708 3 -1273.0 -1
5807108276064767682 1 -11545.0 -1
2303041596652628942 4 -1000005.0 -1
1599036654343992088 4 -1214.0 -1
3941748505824924986 2 -1629.0 -1
2104727245406596995 2 -8575.0 -1
4501403059122687717 2 4508.0 -1
7112842983737860122 6 366.0 -1
3678660962524555915 4 -1000005.0 -1
6337109043367539645 6 -1000005.0 -1
7711324439646055643 0 -1887.0 -1
3294751942084919888 1 -4841.0 -1
3169606290966834865 4 60.0 -1
5448276424268256317 3 -1000005.0 -1
5083807500818166362 3 -5913.0 -1
4092881837793795160 4 361.0 -1
5021130512686297624 2 -117.0 -1
4252229024907668053 2 -1000005.0 -1
831798196952860163 3 -3540.0 -1
6724565407421426757 3 -14008.0 -1
1378331322269815604 2 -6734.0 -1
5247486685718672365 1 3228.0 -1
2214369881757428698 2 -4996.0 -1
7479633889440205087 2 -5814.0 -1
1094267284027818774 0 1000004.0 -1
5787255036401771383 3 -1000005.0 -1
5010184115785587044 2 -8398.0 -1
3143260108137878652 5 -1000001.0 -1
8893202135266686144 3 -1563.0 -1
2514384305853365537 4 -1000005.0 -1
1504922725715041468 6 -1000005.0 -1
5182489871914670270 2 -1919.0 -1
1280088845108533679 2 4949.0 -1
6930264994128871113 5 -1000001.0 -1
490149281795936621 4 1000002.0 -1
6363017381814650807 4 -2709.0 -1
7999844157098839402 1 -2675.0 -1
5725707009133461454 4 -1278.0 -1
3385152183330804429 0 -1000005.0 -1
5393361575135752182 3 -7095.0 -1
1469658219183137347 4 2254.0 -1
167644186580728638 4 -5374.0 -1
7393061327300507404 4 -782.0 -1
4051638039952152899 3 -1000005.0 -1
3468816841413670421 3 -7183.0 -1
1235197426924140545 5 5324.0 -1
1919176503271618389 1 -1316.0 -1
3303770053498473779 5 -1000005.0 -1
6268967016206386374 4 -7578.0 -1
3909020944886636447 4 -7904.0 -1
7214145016761272178 6 909.0 -1
7946678702148403745 2 -1000005.0 -1
17867568122013525 6 -1000005.0 -1
1613486054077074391 2 739.0 -1
497120464860896237 3 -7552.0 -1
7249274862089004936 3 -6064.0 -1
6984300318238102026 2 -1000005.0 -1
8619721246333814733 3 6607.0 1
5311599258738150535 4 1000005.0 1
6748035463195430060 2 4992.0 1
6300683503492599535 3 1000005.0 1
4944671430262531894 3 13341.0 1
7690622000071652686 2 1000005.0 1
4627735576604359974 3 -2921.0 1
6154472432041816742 3 7255.0 1
2973173952361809239 1 -4406.0 1
721394513611034839 5 1000005.0 1
1390629183907071902 2 2629.0 1
1057768437356213112 2 16356.0 1
4477060636091544817 2 6717.0 1
7364980186864240563 5 1000005.0 1
5232397859248745106 2 1000005.0 1
4291074286989336126 3 -97.0 1
832224261164447748 2 1553.0 1
1676348794687685175 2 -7846.0 1
7269483500866587072 3 6822.0 1
3141790325139343038 5 1000005.0 1
451459233688776480 3 345.0 1
8538328060751264443 5 3202.0 1
1492534512014514971 6 1000005.0 1
7542983872655404900 4 6115.0 1
1150617460635010618 1 1000001.0 1
6660297397981315147 5 1000005.0 1
7330665572237372568 3 13249.0 1
4992013320081170849 3 6631.0 1
5807266018669862405 5 7614.0 1
2418374096878402990 4 4917.0 1
348668841474463923 5 -698.0 1
7091181063804093373 3 7214.0 1
8027977045766745177 3 -3611.0 1
2091917433287377936 2 1000005.0 1
1653728098712897676 4 2489.0 1
7092289717078764400 6 13254.0 1
9126031023516873668 2 -1000004.0 1
3573468111781625202 4 -146.0 1
1722773860580825662 2 1000005.0 1
8729130844851479165 3 7064.0 1
5416717843204249556 4 5210.0 1
6220768010423837395 4 3966.0 1
5928372671057934117 4 1000001.0 1
8627811930100029594 1 1000005.0 1
4802013091367417358 5 5712.0 1
6022322919153161187 5 1000005.0 1
3736095802607214046 2 5631.0 1
2941615090912821287 2 1000005.0 1
2691352714011866568 5 6918.0 1
1469075583647299353 3 3278.0 1
476697208348582517 0 1023.0 1
5554650190467052497 1 4893.0 1
8257321360059477630 3 972.0 1
5381166496230824360 3 1000005.0 1
8924012548323015791 4 5176.0 1
7229969819440910212 2 -1000004.0 1
3619106262475348093 3 8397.0 1
4653240718587076626 5 8352.0 1
2325236031766017348 3 4054.0 1
2671714685179216000 1 8695.0 1
5606952816506721511 1 1904.0 1
6972880413330929756 3 1000005.0 1
1045233581132920535 4 1404.0 1
2231586112745944610 5 4317.0 1
4059854996160566759 3 1000005.0 1
5262724255610706115 3 4698.0 1
7430149154779911199 4 1000005.0 1
8864779442370656453 6 14206.0 1
7920699724076350720 5 9345.0 1
491895306912562516 5 1000005.0 1
4179168432271658183 2 1000005.0 1
3924792591269138283 5 1000005.0 1
2397728954170790182 2 1000005.0 1
54561737578156370 4 1000005.0 1
2040308491030107434 4 -1000004.0 1
2649817361025402144 3 7223.0 1
4729492246875483095 3 1000005.0 1
2787086195013008922 3 -1648.0 1
1980685938070868676 3 6132.0 1
2659450954533625424 2 1000005.0 1
174486733275924216 2 753.0 1
1038470041660726971 4 7968.0 1
3855935988409291228 5 1000003.0 1
2108811148718705876 2 1000005.0 1
9024552660014743511 2 7466.0 1
1359665575827591737 3 1000005.0 1
4085414719837079409 5 12218.0 1
2644138231486508299 1 -1439.0 1
1925551782509815890 5 4706.0 1
8737904750868947773 3 3021.0 1
8525062827391016803 3 9639.0 1
5717524841369567561 4 1475.0 1
4910260082683779154 2 131.0 1
3062241138280749427 5 -1821.0 1
2883610289159367831 6 1000005.0 1
4081141595709027997 3 11881.0 1
1364162238021734701 2 1000005.0 1
2494799612237573232 4 1000005.0 1
6898199055353783378 2 1271.0 1
1684749667952996499 2 1000005.0 1
4780475757711320168 1 2713.0 1
7552839340503817023 3 5559.0 1
112433898448105168 3 9424.0 1
560922423675034982 4 1000005.0 1
8449070478512144517 4 1000005.0 1
434435189552042304 4 4512.0 1
8503389583334222929 5 8564.0 1
9162187572910833152 5 1630.0 1
4193279005038224549 5 -2711.0 1
34686806065842694 3 6985.0 1
2008524422663132925 2 -613.0 1
7953159186477222555 4 -1969.0 1
1741330759208585432 2 11231.0 1
4997216955580763404 3 -11334.0 1
4569060451801729217 5 1000005.0 1
1338767781272960544 0 5354.0 1
997258496017199565 1 9991.0 1
4309212150558217361 4 3136.0 1
6201438233923978685 2 4664.0 1
8348317798080991920 4 8576.0 1
4508066035898339343 3 3389.0 1
6820257830523143943 6 1000005.0 1
5885988394739389305 2 2739.0 1
2151239519935716540 4 8237.0 1
4725001119384379338 4 1000005.0 1
2034396475737111895 3 1000005.0 1
4182561231050092129 1 5330.0 1
6646119778243871560 5 7945.0 1
6433225496758128297 4 11318.0 1
3510432703042388648 5 6652.0 1
9154145803116009983 1 8143.0 1
3570860081991099221 2 4849.0 1
8108903434891859923 2 -3097.0 1
7637756449088154469 4 6937.0 1
7507158636235142441 0 -28.0 1
711397984443584654 4 2924.0 1
7051322336421037030 3 6733.0 1
2730586200340696826 4 11776.0 1
2847813139965641330 1 11179.0 1
7159785379489504340 5 10754.0 1
3300358499008793303 5 9608.0 1
3852523695155578692 6 7320.0 1
1768458600665621186 2 1000005.0 1
2821257987917400262 6 8321.0 1
6072575774966220005 4 6174.0 1
2268014506886712675 3 372.0 1
6821763817329795191 3 6874.0 1
8472422134541258627 1 3859.0 1
665689160207590814 3 2194.0 1
8136900459040234393 3 1000005.0 1
762982703118235247 5 1079.0 1
358165103418409199 2 -1125.0 1
6411522334020785345 3 1000005.0 1
2793111333514403950 3 11349.0 1
5712300507299059443 3 3897.0 1
3004324369778545523 3 9341.0 1
7091531813018731969 3 -1000004.0 1
6731869511009969577 0 1000005.0 1
8832075028564359585 1 1000005.0 1
5050225520789139459 5 5924.0 1
3202208788953915605 3 3025.0 1
7466883840021371446 5 1000001.0 1
1446168944257969189 4 5172.0 1
4130746172671651980 3 1000005.0 1
991681291974375122 2 2951.0 1
5559150442270054902 5 1000005.0 1
6260533694210667117 3 6056.0 1
1242188560012936439 1 -1000004.0 1
7582188802581162490 5 6111.0 1
8281219755010869834 3 2188.0 1
5032352719762952064 3 5683.0 1
2250528846772304400 4 11545.0 1
4915887300961332590 4 9446.0 1
8279488546681295692 2 1000003.0 1
965139403099525557 2 896.0 1
7498743154928174558 6 -5642.0 1
4344933436719757392 3 -225.0 1
1105571728579217111 4 6186.0 1
4665894065813185735 3 1000005.0 1
3482162600752935350 4 3350.0 1
338093041719644233 2 1000005.0 1
17019790951392003 4 1000005.0 1
7803980923357746224 3 1000005.0 1
3934330354942446847 2 1000003.0 1
5329032902056760361 3 8830.0 1
5608248594121676954 6 2090.0 1
6001732004488229182 4 3070.0 1
4089205451582819457 3 1000005.0 1
4006750492894160113 3 1000003.0 1
8754491906289401782 1 4069.0 1
8318023783369269434 5 5969.0 1
4827244466372155402 3 2143.0 1
8109256838885993782 4 1994.0 1
4388980018832630686 5 7575.0 1
5837124533260462030 3 12299.0 1
9040707882516804687 3 1000005.0 1
1619947837979683677 2 1000005.0 1
8405349256257548740 4 1000005.0 1
555867771645760452 2 9410.0 1
1955889068376476815 4 12013.0 1
1842652104299326230 3 1000005.0 1
3700182891636240804 4 -2234.0 1
1666828346207492133 5 7365.0 1
6301003718110570962 3 1000005.0 1
3101445060086753718 2 6654.0 1
5896560686371599637 5 1077.0 1
6488674290995136721 2 8764.0 1
5335585575628000525 1 13520.0 1
7416255588577330849 3 3092.0 1
1926241494628145141 4 -779.0 1
5017084927838947211 1 11477.0 1
2270056106391039978 2 1000003.0 1
2903820615506028101 3 7999.0 1
4818818309237703147 6 5154.0 1
4660340283001229068 3 5756.0 1
8036261534827151004 2 1000005.0 1
3979556766701704676 4 -3309.0 1
7353303254423711782 1 1000001.0 1
7523992213022528701 3 1000005.0 1
2809558710432492298 1 7550.0 1
152393144692212882 3 1000005.0 1
5290948258224779692 3 2711.0 1
7489473407253477443 5 -2585.0 1
5437917503235846652 5 4791.0 1
6381468105849195684 3 4270.0 1
8214415333276684885 3 1000005.0 1
3373559901958702375 1 1000005.0 1
2692069953455524297 3 5457.0 1
3882694912146515926 2 11073.0 1
3097469018203473002 2 6704.0 1
8821536526597884451 3 7804.0 1
288559843624552959 5 12212.0 1
1652876308026957997 0 7218.0 1
7099834139008302387 3 10008.0 1
5886717819597365488 3 3571.0 1
6958279324514648805 3 13228.0 1
4923608935933721296 4 7722.0 1
3778503866458295809 2 4538.0 1
5555706149532954889 4 7183.0 1
8569398487266947645 1 976.0 1
5063824276507035428 3 5092.0 1
5611035888205566664 4 5834.0 1
6874087790360925269 2 3719.0 1
5320954472935804256 5 6451.0 1
4137806186951259403 4 2414.0 1
8337441555711615115 3 1000005.0 1
8010613406808210051 0 1000005.0 1
8331506685893568710 3 1000005.0 1
4511614011257997625 2 8941.0 1
2899818081016263478 3 -6052.0 1
766052696455647003 1 14756.0 1
5858227946689438629 2 12197.0 1
1316427299396896464 2 12188.0 1
2424568185690410395 0 14361.0 1
9109247394834566194 5 1000005.0 1
5747128632202478095 4 1000005.0 1
5463725973199607424 2 4374.0 1
7054066659470658602 6 11158.0 1
6318327233842292599 4 11921.0 1
924640449505756376 3 9108.0 1
643698018916913424 2 12561.0 1
4104974369965686593 0 5509.0 1
4567647627830596075 6 1582.0 1
6719482736556256347 2 7257.0 1
7935079827452116638 5 13648.0 1
8067473272113002158 2 13583.0 1
1993046112432625145 3 2661.0 1
8690818474348306715 3 7645.0 1
6146143385178502027 0 11080.0 1
8435095603198998232 4 1000005.0 1
7570680840891199512 2 8572.0 1
4548291485786890087 3 3605.0 1
6509929481059977566 6 1000005.0 1
7305106490470779413 2 1000005.0 1
9011364373504084807 2 2277.0 1
4374397923100809621 6 1000005.0 1
5704575629095524044 3 10431.0 1
835390706406934192 2 -1000004.0 1
5214237268799640147 3 1000005.0 1
3952342805519781851 4 1000005.0 1
3619968767885987274 4 -3687.0 1
7473156302517296993 3 4028.0 1
2600284788748058446 3 1000003.0 1
872412522543820561 0 8457.0 1
287843991430655702 3 1000005.0 1
5595097465335324012 4 11475.0 1
6036061359336674786 5 5922.0 1
3946801080790777228 2 -861.0 1
5535230724098820646 2 1000005.0 1
5171631005976513493 2 8892.0 1
3995933636546930999 3 1000005.0 1
6541236577061318425 2 -2071.0 1
8140177696922584959 4 1000005.0 1
849948648600902521 4 1000005.0 1
7787833821187877488 4 1000005.0 1
6826894880716350551 2 6856.0 1
2149932207929718959 3 1000005.0 1
3677296174136239480 3 -1000002.0 1
911292594519163894 5 1000005.0 1
6842923326896035570 1 4997.0 1
7297939296200057946 4 -2986.0 1
5221189876576826518 3 9723.0 1
3297748622999265052 4 8122.0 1
5739284336383939179 2 9040.0 1
8148254786048720949 4 -1286.0 1
6412056712091490011 5 1000005.0 1
7369019703633431968 3 1000005.0 1
1328963434773716993 5 1000005.0 1
5611233761789818877 4 7346.0 1
63680862678117644 2 7112.0 1
5095301647276974196 5 1000005.0 1
1853621646567191365 5 4687.0 1
711289327445600409 5 1000005.0 1
4162622343824015610 3 1000005.0 1
4046785031895579482 1 8319.0 1
1304536597309399655 2 1000005.0 1
2326527109880443490 1 6344.0 1
5135267201511548738 3 6029.0 1
19881398150824609 3 417.0 1
5475060575963595246 3 1000005.0 1
4281602291344299631 5 2705.0 1
7189365941900147793 3 1000005.0 1
3086547179753380257 4 613.0 1
4536741193400164358 3 8701.0 1
5368927362972793915 3 1000005.0 1
8568359956955595660 2 5796.0 1
8416472258600158577 1 1000005.0 1
7004510708471048479 4 -2955.0 1
6555540014860962837 4 10844.0 1
4649498838967127188 6 1000005.0 1
3465609282901037668 4 2748.0 1
5725995736500009071 0 1000005.0 1
4071775952301792609 4 4435.0 1
8860663173699565779 1 10201.0 1
3326074920374330914 2 6530.0 1
7313340000066869648 3 1000005.0 1
6850670926634398314 2 9399.0 1
7640009809745291930 2 6115.0 1
5343883557460500015 4 1000005.0 1
927184686879748416 6 1000005.0 1
8693432661397369267 5 1000005.0 1
4426673968656235795 2 9669.0 1
5720461732107727228 4 6698.0 1
1506103658213339606 0 4381.0 1
2343817701444628329 4 -766.0 1
2895471295694181397 3 3531.0 1
7427487170266254493 5 -431.0 1
7547193040263437908 2 1000003.0 1
4892384665582096461 3 9531.0 1
1266110433753183675 3 263.0 1
6072183546042933391 2 1000005.0 1
1895565178328680454 3 2320.0 1
7208351782537269540 4 1000005.0 1
4267903411574332669 0 -1404.0 1
6750381162844358010 0 5706.0 1
6200259701885405631 4 3828.0 1
5172020010250420188 0 1000005.0 1
3098173741793123459 3 13981.0 1
4650140451903841043 5 6509.0 1
3336291945920798951 4 1000003.0 1
6140289653079062266 2 1000003.0 1
3106816452594147293 1 1000005.0 1
7700964977766680951 5 10641.0 1
8840093396972628370 4 -4034.0 1
2956666447079747081 5 1000005.0 1
8188461121719049330 5 6121.0 1
1376958140156527454 2 10841.0 1
5648091040791756042 5 2844.0 1
2547140389389562250 4 3457.0 1
7938649629134316484 2 -2671.0 1
6382163746873898171 3 9991.0 1
1710947366190856734 2 4999.0 1
6520657578754961756 5 9148.0 1
6703202326537086928 4 13285.0 1
6570940827464102652 3 12329.0 1
7433543036643627417 2 4099.0 1
1703479739614763189 3 4208.0 1
4420101958626963451 4 7142.0 1
4761875373681332614 3 471.0 1
8280430517361150167 2 10029.0 1
2362393276658460945 6 5461.0 1
6922042593688607487 1 4852.0 1
6388812782078520472 2 4290.0 1
8313182552164125057 4 2214.0 1
92057987613539939 3 1000005.0 1
9111648723562492748 2 1000005.0 1
176481447859058828 3 7351.0 1
6538976149902548028 3 4141.0 1
5794507575744735767 4 14528.0 1
3619110922321637540 0 -2157.0 1
4968228813059042092 3 10049.0 1
2374221920375293043 2 8313.0 1
6174786319341133231 3 1000005.0 1
4922265343733024328 4 3899.0 1
3215008462237725462 3 1000001.0 1
8319603779175499286 4 5260.0 1
7194861890169818018 2 8317.0 1
3914146622837890032 4 8825.0 1
1762808921061675228 3 1000005.0 1
5884566612796989523 0 3901.0 1
5840465960687561580 2 2768.0 1
5141935771896342270 2 12804.0 1
6837903533792718030 5 2512.0 1
7722762761168359375 3 -3476.0 1
4644561071853682068 2 14593.0 1
8923792922653512032 1 1000005.0 1
3142699275310065743 2 1000005.0 1
1886425191815427364 3 -5782.0 1
8614236168341290912 2 15098.0 1
691902415801072195 3 9648.0 1
5985589167898305012 1 10089.0 1
908910825587503589 3 -393.0 1
5096191794955497231 3 682.0 1
3516437547707164479 0 4120.0 1
2588030835214411845 4 5868.0 1
3102747330656814997 5 5913.0 1
569250849820121494 2 -1740.0 1
8630950533122595821 4 1000003.0 1
7796971776222305946 2 7410.0 1
333860579369503311 2 10533.0 1
4109846484504238980 3 5210.0 1
3234982420391026404 4 1000005.0 1
242130084361939922 4 1000005.0 1
7575409808953354183 2 654.0 1
3583278781284114025 5 1000005.0 1
4176274390893810738 1 1000005.0 1
464601916641723021 1 1000005.0 1
7494048443269312669 4 390.0 1
7175011729168979890 1 1000005.0 1
7043140908193930859 3 -6137.0 1
7421723327776344779 4 4808.0 1
499407094542094819 5 537.0 1
6828682338088544770 2 14404.0 1
4656105509170589283 2 -1010.0 1
8468699221408186962 4 8816.0 1
5833786414298413459 1 1000005.0 1
236587453279777852 3 5565.0 1
2984975571588069086 3 103.0 1
7036566455283078307 6 1000005.0 1
7923244274116810151 2 1000005.0 1
4244118804316649772 4 7868.0 1
8507977547997303926 4 9605.0 1
2570927458408411508 3 5030.0 1
2336560286053890142 4 5621.0 1
7939867814217010164 4 1000005.0 1
5918536047232741665 2 14392.0 1
2579292518936150945 4 6950.0 1
2925639536704345253 2 1000005.0 1
7908624409295036332 3 266.0 1
2659336695096221327 5 -2858.0 1
895044330067149324 1 1000005.0 1
8163938078286686228 6 227.0 1
8056782259724482347 2 1000003.0 1
5498103276632356413 4 2506.0 1
4580197765862094490 1 10114.0 1
8148426540677561103 3 4042.0 1
6654919939584570883 2 6953.0 1
9216009081373166911 2 748.0 1
1849496586769114858 3 3494.0 1
7480514236504823910 5 1000005.0 1
619638147286726896 3 714.0 1
8929782597116014388 4 5867.0 1
1128353575461750268 1 1000005.0 1
1304949967051875198 2 9396.0 1
7111980088345594437 2 3232.0 1
738722228673148366 6 1000005.0 1
1678146451918979698 5 5507.0 1
283753643332597466 2 15268.0 1
8444692753260389068 2 1000005.0 1
5867388592221872871 4 7755.0 1
7238290487638616495 3 -898.0 1
2207473956235176163 3 1000005.0 1
6733241599025964515 3 -809.0 1
858918872548475693 3 3001.0 1
8661113831573709035 1 7403.0 1
9117153349571462149 4 3099.0 1
3484398634575079462 3 12701.0 1
2873752761899707278 6 1000005.0 1
5364754028470602914 5 10087.0 1
772378330320023154 3 1986.0 1
5665525729873596947 4 3008.0 1
8782080121760924611 3 1000005.0 1
1599175182494681791 2 4880.0 1
7763756804164627764 4 9523.0 1
6815830953481476146 3 5769.0 1
697726019126904012 4 -3257.0 1
7762111366429088894 5 3418.0 1
2809617038447913289 3 1000003.0 1
2818936121599208439 3 1000005.0 1
367615209982394342 4 1000005.0 1
1835939310104711279 4 8734.0 1
4546701054000250875 2 1000005.0 1
8456309807977690480 3 1000005.0 1
1551812569399622206 2 1597.0 1
8227893990227790142 1 2311.0 1
6258968396430472720 1 1000005.0 1
6358018502778826398 1 -1887.0 1
5961261060769384092 4 854.0 1
447380846374055996 6 -1000002.0 1
8990170909680593532 4 -6115.0 1
