493141349 5 -100.0 -1
-452770553 2 -100.0 -1
-2005022597 2 -100.0 -1
-1644765700 3 0.0 -1
-802234331 3 -100.0 -1
-437221892 2 0.0 -1
-1280228420 0 0.0 -1
64492501 5 -100.0 -1
-1632514372 0 0.0 -1
2127826624 3 0.0 -1
2128789239 1 -100.0 -1
-2057288325 4 -100.0 -1
698153347 4 -100.0 -1
-1243621952 5 0.0 -1
-1369465220 1 0.0 -1
-732773257 2 -100.0 -1
1218775171 3 -100.0 -1
906036782 2 0.0 -1
557887855 2 -100.0 -1
-401909701 2 -100.0 -1
-397727621 4 -100.0 -1
-1352052899 1 -100.0 -1
363885956 1 0.0 -1
1102717324 5 0.0 -1
101508667 3 -100.0 -1
-864076728 1 0.0 -1
-591491961 2 -100.0 -1
-1350918336 1 0.0 -1
780521151 3 -100.0 -1
720841420 4 100.0 -1
1714988548 1 100.0 -1
-489860368 4 0.0 -1
-360604993 4 -100.0 -1
660301593 1 -100.0 -1
-1259744095 4 -100.0 -1
-567460251 1 -100.0 -1
-264351628 3 0.0 -1
-1812855880 6 0.0 -1
-1989523167 0 -100.0 -1
-691042684 3 0.0 -1
2055785156 6 100.0 -1
960096631 3 -100.0 -1
-263479292 3 100.0 -1
-1272310683 5 -100.0 -1
1759234184 2 0.0 -1
-765222345 3 -100.0 -1
-1705981436 2 0.0 -1
-664020932 0 0.0 -1
-268406695 3 -100.0 -1
1455257318 1 0.0 -1
-782470905 6 -100.0 -1
-507371103 1 -100.0 -1
1130717952 1 0.0 -1
-669194117 5 -100.0 -1
1093194048 3 0.0 -1
1974011328 1 100.0 -1
1397887803 3 -100.0 -1
1747183688 3 0.0 -1
-1279388715 5 -100.0 -1
1475413917 3 -100.0 -1
156305724 0 0.0 -1
1564548399 4 -100.0 -1
1010138176 1 0.0 -1
-645547524 2 0.0 -1
1906561502 2 0.0 -1
-495148541 4 -100.0 -1
-264068924 2 100.0 -1
1384370692 3 0.0 -1
-829075939 3 -100.0 -1
1957655590 2 0.0 -1
1531546560 3 0.0 -1
1509079419 3 -100.0 -1
-551817327 3 -100.0 -1
-2104610304 6 0.0 -1
1059061643 4 -100.0 -1
1118315068 6 0.0 -1
401262460 3 0.0 -1
1665545182 3 0.0 -1
768789832 5 0.0 -1
-373221030 6 0.0 -1
1998092164 3 0.0 -1
1193170816 3 0.0 -1
352548253 3 -100.0 -1
-1426183583 3 -100.0 -1
723385276 6 0.0 -1
-1441224005 3 -100.0 -1
1488619545 1 -100.0 -1
1086017565 3 -100.0 -1
548605973 3 -100.0 -1
461372377 2 -100.0 -1
611194048 1 0.0 -1
1725269627 3 -100.0 -1
752589940 5 100.0 -1
1078923519 1 -100.0 -1
-2096356424 5 0.0 -1
-1953109215 5 -100.0 -1
330658563 3 -100.0 -1
967952648 4 100.0 -1
-1322139256 0 0.0 -1
-1535499072 5 0.0 -1
537370808 1 100.0 -1
528326588 0 0.0 -1
1170347264 0 0.0 -1
-1356337175 3 -100.0 -1
1216931911 6 -100.0 -1
-1992341011 1 -100.0 -1
59855683 6 -100.0 -1
-437414593 0 -100.0 -1
-1009863907 3 -100.0 -1
-1597353954 2 0.0 -1
-1663509504 4 0.0 -1
-1946678495 0 -100.0 -1
728128444 6 0.0 -1
1545530563 5 -100.0 -1
710691516 6 100.0 -1
-459910025 2 -100.0 -1
-433228088 5 0.0 -1
1708983611 2 -100.0 -1
-1964180988 1 0.0 -1
-1617842312 0 0.0 -1
-26276220 1 0.0 -1
1703204207 3 -100.0 -1
-311902844 2 0.0 -1
1061019592 3 100.0 -1
724741060 3 0.0 -1
-1185220190 0 0.0 -1
-226545020 1 0.0 -1
459529117 3 -100.0 -1
513671065 6 -100.0 -1
-741862720 1 0.0 -1
120362533 3 -100.0 -1
2010613469 5 -100.0 -1
-1475856124 1 0.0 -1
-94102679 6 -100.0 -1
409651576 2 100.0 -1
-103798588 0 0.0 -1
-2005657247 3 -100.0 -1
2108935333 3 -100.0 -1
-807526712 3 100.0 -1
1713141508 1 0.0 -1
819577280 2 0.0 -1
1977341120 5 0.0 -1
-209030506 1 100.0 -1
-1029934148 4 0.0 -1
1977107704 0 0.0 -1
-1988106146 6 0.0 -1
-1787153319 3 -100.0 -1
853922752 1 0.0 -1
1259657784 5 100.0 -1
-537923901 1 -100.0 -1
1166804129 5 -100.0 -1
-768560355 3 -100.0 -1
-1109951258 2 0.0 -1
-2109140104 6 0.0 -1
2142584452 2 0.0 -1
1414395263 6 -100.0 -1
-1669612216 6 0.0 -1
515309440 0 100.0 -1
528268868 0 0.0 -1
-59101888 1 0.0 -1
1543215815 6 -100.0 -1
1930080823 4 -100.0 -1
2131308104 1 0.0 -1
-1636384969 4 -100.0 -1
-1770322120 1 0.0 -1
1979684024 3 100.0 -1
1371009279 6 -100.0 -1
928179738 1 0.0 -1
1564593160 5 0.0 -1
493083689 6 -100.0 -1
-172530459 6 -100.0 -1
-114096031 3 -100.0 -1
2094148992 0 0.0 -1
-745311552 5 0.0 -1
1110811489 3 -100.0 -1
1313431326 2 0.0 -1
-777854725 3 -100.0 -1
26321099 2 -100.0 -1
428026078 1 0.0 -1
-1797433984 6 100.0 -1
-276738335 3 -100.0 -1
1235839176 1 100.0 -1
1865068104 1 0.0 -1
-245231616 6 0.0 -1
1541905027 4 -100.0 -1
-1198470668 3 100.0 -1
234806425 2 -100.0 -1
-1290460548 1 0.0 -1
-1206707841 2 -100.0 -1
-1819258116 5 0.0 -1
-1166398712 4 0.0 -1
1762863201 3 -100.0 -1
324006459 0 -100.0 -1
-2052045628 4 0.0 -1
15511961 5 -100.0 -1
546345446 0 0.0 -1
798629601 3 -100.0 -1
724208213 2 -100.0 -1
782532389 3 -100.0 -1
1543383679 2 -100.0 -1
-245231391 3 -100.0 -1
-1099280385 2 -100.0 -1
1405436480 0 0.0 -1
-825356476 4 100.0 -1
2004342524 1 0.0 -1
-273207748 6 100.0 -1
2106764317 3 -100.0 -1
-1406251585 4 -100.0 -1
2041440316 0 100.0 -1
-458418881 4 -100.0 -1
1558941048 0 0.0 -1
644364284 5 0.0 -1
585978744 6 0.0 -1
-1265187584 6 0.0 -1
307434436 0 0.0 -1
472198588 3 0.0 -1
-677468668 1 0.0 -1
-800464427 4 -100.0 -1
-1020652876 2 100.0 -1
-1570430016 1 0.0 -1
2003404484 0 0.0 -1
-1808099947 3 -100.0 -1
1659798366 2 0.0 -1
-1821101376 5 0.0 -1
-478620992 6 0.0 -1
-21397760 3 0.0 -1
393410248 1 0.0 -1
1016950049 1 -100.0 -1
-1088041318 3 0.0 -1
1790499704 0 0.0 -1
-1266301628 6 0.0 -1
-1383941056 1 0.0 -1
1550151078 2 0.0 -1
607741436 5 100.0 -1
-1806879356 2 0.0 -1
873199040 2 0.0 -1
636998716 2 0.0 -1
447880063 2 -100.0 -1
-2146451008 5 0.0 -1
-777244552 4 0.0 -1
-204176893 4 -100.0 -1
1663329020 1 0.0 -1
-1163478148 5 0.0 -1
-1728829143 1 -100.0 -1
1172132864 0 0.0 -1
1866874530 2 0.0 -1
1030548619 2 -100.0 -1
442465207 4 -100.0 -1
-1331158720 3 0.0 -1
1766856888 3 0.0 -1
-204238273 4 -100.0 -1
-300044306 4 0.0 -1
1421219136 3 100.0 -1
1182697348 0 0.0 -1
-1924985672 3 0.0 -1
1467930243 5 -100.0 -1
2112560149 3 -100.0 -1
889292544 0 0.0 -1
-778431591 1 -100.0 -1
582369468 4 0.0 -1
-662066557 4 -100.0 -1
-911279195 0 -100.0 -1
761999205 4 -100.0 -1
1372689344 5 0.0 -1
-1972717441 2 -100.0 -1
-514424000 3 0.0 -1
1959962308 4 0.0 -1
856305949 3 -100.0 -1
1180447812 6 0.0 -1
-566543327 5 -100.0 -1
-2053617789 4 -100.0 -1
-978856004 6 0.0 -1
761093952 3 100.0 -1
1205528004 4 0.0 -1
-480870072 3 100.0 -1
2036063103 2 -100.0 -1
-1754954432 3 0.0 -1
-1109360696 3 0.0 -1
-833340292 1 0.0 -1
-2140503488 3 0.0 -1
-617744128 4 0.0 -1
1844334528 1 0.0 -1
-319115576 3 0.0 -1
-1500236639 5 -100.0 -1
1436575637 3 -100.0 -1
1377075234 4 0.0 -1
-712849480 3 0.0 -1
-1996490044 2 100.0 -1
815624865 3 -100.0 -1
-981620925 3 -100.0 -1
-964709312 3 0.0 -1
-925287779 1 -100.0 -1
874157662 2 0.0 -1
-96765828 5 0.0 -1
1638933496 0 0.0 -1
-405174891 6 -100.0 -1
-1091371841 1 -100.0 -1
-1026043750 1 0.0 -1
-24208162 2 0.0 -1
-1458513077 6 -100.0 -1
635774904 3 0.0 -1
1735619885 3 -100.0 -1
2080184733 3 -100.0 -1
1445004352 3 0.0 -1
1918332980 2 0.0 -1
-180529319 3 -100.0 -1
1505553369 1 -100.0 -1
1234852863 3 -100.0 -1
-1373475772 4 100.0 -1
-1505557467 3 -100.0 -1
1609256323 3 -100.0 -1
-623695688 3 0.0 -1
-1754360573 0 -100.0 -1
328176097 1 -100.0 -1
-1379389512 2 0.0 -1
-2076551608 0 0.0 -1
-802168227 5 -100.0 -1
-523750724 0 0.0 -1
1568186112 6 100.0 -1
-520535424 4 0.0 -1
1446908992 3 0.0 -1
742903352 3 0.0 -1
-1050303514 2 0.0 -1
-772791433 2 -100.0 -1
-1924132902 1 0.0 -1
1597009339 2 -100.0 -1
1001904444 0 0.0 -1
-285967240 1 0.0 -1
2118950080 3 100.0 -1
1620111875 3 -100.0 -1
-752094788 0 0.0 -1
339633830 2 0.0 -1
-1309142175 3 -100.0 -1
-359008256 0 0.0 -1
-113300574 2 0.0 -1
455231875 3 -100.0 -1
-723491260 6 0.0 -1
350623296 5 0.0 -1
589447560 4 0.0 -1
-1764998046 2 0.0 -1
472972928 0 0.0 -1
1271413115 3 -100.0 -1
1263528444 1 0.0 -1
552694340 2 0.0 -1
-1116540985 2 -100.0 -1
-1395843464 0 0.0 -1
-463702299 5 -100.0 -1
-1011785464 2 0.0 -1
-1680303775 3 -100.0 -1
1816252032 4 0.0 -1
-1262176761 2 -100.0 -1
-1497746308 3 0.0 -1
1095742344 0 100.0 -1
-1224178240 5 0.0 -1
322101759 3 -100.0 -1
-547824248 2 0.0 -1
563004254 2 0.0 -1
-1323928636 0 0.0 -1
661202363 4 -100.0 -1
602534204 2 0.0 -1
1985971336 0 0.0 -1
-374617220 2 0.0 -1
-1782847646 2 0.0 -1
591544738 3 0.0 -1
-2047564016 6 0.0 -1
-90527617 5 -100.0 -1
1304907553 5 -100.0 -1
1104577343 4 -100.0 -1
-840257792 3 0.0 -1
699267904 5 0.0 -1
-1467065732 3 0.0 -1
2115460321 3 -100.0 -1
-473255620 2 100.0 -1
-656279015 5 -100.0 -1
978942114 2 0.0 -1
-920486951 3 -100.0 -1
75523708 3 0.0 -1
-1946593020 1 0.0 -1
470298359 2 -100.0 -1
1224993788 3 100.0 -1
-1384431740 5 0.0 -1
1891673024 1 0.0 -1
-824791594 4 0.0 -1
-1006217468 5 0.0 -1
1449342305 3 -100.0 -1
-18944550 0 0.0 -1
-499961545 3 -100.0 -1
-256916566 3 0.0 -1
1894437857 3 -100.0 -1
1219095461 3 -100.0 -1
890553881 3 -100.0 -1
-340789086 4 0.0 -1
1473651908 4 0.0 -1
618387400 1 0.0 -1
-782200256 0 0.0 -1
1904472737 5 -100.0 -1
-966920840 2 0.0 -1
1543986978 4 0.0 -1
1197917248 3 100.0 -1
-555598389 2 -100.0 -1
-1074455330 0 0.0 -1
-442325355 0 -100.0 -1
-1644261692 2 0.0 -1
1619256248 5 0.0 -1
1593564615 0 -100.0 -1
-1971979957 5 -100.0 -1
1555775483 3 -100.0 -1
1665372163 3 -100.0 -1
435612343 3 -100.0 -1
-925230179 3 -100.0 -1
-1664368768 4 0.0 -1
-1092022878 4 0.0 -1
1154451331 5 -100.0 -1
-1630667392 0 0.0 -1
-1242368321 4 -100.0 -1
1757940615 2 -100.0 -1
1452615108 4 100.0 -1
577839397 3 -100.0 -1
-773102916 0 0.0 -1
586863010 3 0.0 -1
190625796 5 0.0 -1
1415997244 0 0.0 -1
-880019242 0 0.0 -1
597663936 1 0.0 -1
1515981116 5 0.0 -1
-1136730275 4 -100.0 -1
-1373418172 4 0.0 -1
1156294531 0 -100.0 -1
1553051644 3 100.0 -1
-628385307 6 -100.0 -1
-1432958491 1 -100.0 -1
1941545152 1 0.0 -1
-484458395 3 -100.0 -1
824062565 3 -100.0 -1
2139790580 3 0.0 -1
448801215 4 -100.0 -1
488230553 5 -100.0 -1
717355328 5 100.0 -1
1979598460 3 100.0 -1
1165915896 0 0.0 -1
-1716450760 1 0.0 -1
1171785302 2 100.0 -1
-187951293 0 -100.0 -1
-1106293347 3 -100.0 -1
1658589512 1 100.0 -1
1542027391 4 -100.0 -1
180984144 3 0.0 -1
1834925767 0 -100.0 -1
1599814848 3 0.0 -1
-1222675324 5 0.0 -1
-1965086337 2 -100.0 -1
362845696 0 0.0 -1
-702544512 6 0.0 -1
-1213365237 4 -100.0 -1
840626620 1 0.0 -1
-1356374912 2 100.0 -1
-1106428507 1 -100.0 -1
1943523452 1 0.0 -1
1846726079 3 -100.0 -1
-447506692 1 0.0 -1
-296153623 4 -100.0 -1
1689462531 0 -100.0 -1
-1294147227 6 -100.0 -1
1683957733 1 -100.0 -1
-851747200 0 0.0 -1
597225509 3 -100.0 -1
1223379797 1 -100.0 -1
-1552789300 2 0.0 -1
804801592 2 0.0 -1
734296064 4 0.0 -1
448821508 1 0.0 -1
-1531095176 2 0.0 -1
-562602565 3 -100.0 -1
-621639361 4 -100.0 -1
-1823833980 5 0.0 -1
159611468 2 0.0 -1
-1645691336 5 100.0 -1
32174651 5 -100.0 -1
-2003662012 4 100.0 -1
-333729853 2 -100.0 -1
1493670622 3 0.0 -1
-1726088512 3 100.0 -1
-375330177 2 -100.0 -1
-20935391 4 -100.0 -1
1088049979 2 -100.0 -1
-1686566755 3 -100.0 -1
-367404548 3 100.0 -1
-820876041 2 -100.0 -1
-2053720449 2 -100.0 -1
-753639169 6 -100.0 -1
-1164920452 3 0.0 -1
-1192518908 2 0.0 -1
1588931908 0 0.0 -1
1372238395 2 -100.0 -1
-931808377 0 -100.0 -1
-1664327877 2 -100.0 -1
1544241143 2 -100.0 -1
2036305245 2 -100.0 -1
-1148821628 1 0.0 -1
1794608895 0 -100.0 -1
310265463 2 -100.0 -1
-437366276 3 0.0 -1
-1525563132 3 0.0 -1
-2006668168 4 100.0 -1
-843400794 4 0.0 -1
763238753 3 -100.0 -1
2011366396 5 0.0 -1
-468201417 5 -100.0 -1
-2086598784 2 100.0 -1
1430565221 1 -100.0 -1
1050204863 0 -100.0 -1
1582733947 0 -100.0 -1
1798315776 6 0.0 -1
678415453 4 -100.0 -1
1695502652 2 0.0 -1
1946640444 2 0.0 -1
-1815849084 3 0.0 -1
953392272 6 0.0 -1
-781781726 4 0.0 -1
-447176418 0 0.0 -1
2045730213 3 -100.0 -1
-2146212775 3 -100.0 -1
-2063740752 5 0.0 -1
791190373 4 -100.0 -1
-1676863395 2 -100.0 -1
-2095507637 3 -100.0 -1
2112182716 2 0.0 -1
604684368 1 0.0 -1
-1813989444 2 100.0 -1
1171784068 5 0.0 -1
1877568439 4 -100.0 -1
857839428 2 0.0 -1
544011275 4 -100.0 -1
-374506045 5 -100.0 -1
-1689092292 6 0.0 -1
1173922184 0 0.0 -1
-1471099870 1 0.0 -1
-1464918819 3 -100.0 -1
972500352 4 0.0 -1
640590425 3 -100.0 -1
-376484360 3 0.0 -1
-1040603781 5 -100.0 -1
2129771124 1 100.0 -1
1260335001 4 -100.0 -1
781408793 1 -100.0 -1
952937536 1 0.0 -1
2060250688 5 0.0 -1
-766495011 1 -100.0 -1
78721087 4 -100.0 -1
-319522693 3 -100.0 -1
762690022 3 0.0 -1
-1247678145 5 -100.0 -1
-1478683780 5 0.0 -1
400462716 3 0.0 -1
1566714304 3 0.0 -1
-710692601 2 -100.0 -1
1986593487 4 -100.0 -1
-1223388228 0 0.0 -1
-325543888 2 0.0 -1
101999292 0 0.0 -1
-2022825020 4 100.0 -1
-665760517 1 -100.0 -1
1536421695 4 -100.0 -1
-1554995204 1 0.0 -1
642548450 2 0.0 -1
-1447817980 2 0.0 -1
1951088891 4 -100.0 -1
1926293090 0 100.0 -1
693341670 2 0.0 -1
-1858226816 3 0.0 -1
-260524868 4 0.0 -1
-549041268 3 0.0 -1
1442431287 0 -100.0 -1
-525749146 4 0.0 -1
-2131991492 6 0.0 -1
1292069337 3 -100.0 -1
-476338368 1 0.0 -1
603014957 3 -100.0 -1
-149371964 4 0.0 -1
-1223195704 1 0.0 -1
1742164791 5 -100.0 -1
-1273278209 3 -100.0 -1
-714268280 4 0.0 -1
1130239928 3 0.0 -1
1976680759 4 -100.0 -1
-236854005 4 -100.0 -1
-974262009 2 -100.0 -1
1280805052 2 0.0 -1
862893955 3 -100.0 -1
-1242652416 6 0.0 -1
1485687935 3 -100.0 -1
-1492225028 1 0.0 -1
-776006332 6 0.0 -1
1442431227 0 -100.0 -1
1135740592 3 0.0 -1
2026220999 3 -100.0 -1
-1291008497 5 -100.0 -1
2033953848 5 100.0 -1
-1732366920 3 0.0 -1
195538593 1 -100.0 -1
1811504895 5 -100.0 -1
970915033 3 -100.0 -1
1618015607 2 -100.0 -1
1458590712 0 0.0 -1
-1636492424 4 0.0 -1
-1960714704 3 0.0 -1
1024862212 3 100.0 -1
-1590193115 3 -100.0 -1
-65255164 5 0.0 -1
-2098702348 5 0.0 -1
1600223871 2 -100.0 -1
-1054268361 5 -100.0 -1
-1062972028 1 0.0 -1
866272896 2 0.0 -1
1635341402 2 100.0 -1
-2078359237 6 -100.0 -1
-1351882164 2 100.0 -1
1506184417 3 -100.0 -1
-445231010 3 0.0 -1
1217789375 3 -100.0 -1
-2031098940 4 0.0 -1
250248132 3 0.0 -1
-1091486754 0 0.0 -1
-872792372 2 0.0 -1
1102632064 2 0.0 -1
268850492 5 0.0 -1
914240324 2 0.0 -1
1563731976 4 0.0 -1
1717310305 3 -100.0 -1
558048380 3 0.0 -1
226531520 3 100.0 -1
14493085 3 -100.0 -1
92319939 2 -100.0 -1
2116578145 3 -100.0 -1
-2039016644 2 0.0 -1
674377087 1 -100.0 -1
609026304 2 0.0 -1
-1244774272 0 0.0 -1
-569484480 5 0.0 -1
-541631770 1 0.0 -1
1753156905 0 -100.0 -1
-1712800577 2 -100.0 -1
-1873230592 0 0.0 -1
-1355007386 0 0.0 -1
-1295759458 1 100.0 -1
1306232960 6 0.0 -1
-1981760324 2 100.0 -1
979185408 3 0.0 -1
-1633616897 6 -100.0 -1
-1718215433 5 -100.0 -1
2090772988 3 100.0 -1
-588662389 4 -100.0 -1
467914368 4 0.0 -1
-255674975 3 -100.0 -1
-1633256509 6 -100.0 -1
-954060220 6 0.0 -1
-290755636 3 0.0 -1
1930102370 0 0.0 -1
-380584900 4 0.0 -1
506305344 5 100.0 -1
20051008 3 0.0 -1
1540177596 6 0.0 -1
1013983492 1 0.0 -1
-2108258526 3 0.0 -1
-1489370560 3 0.0 -1
1566914585 4 -100.0 -1
1652684796 5 0.0 -1
-1270427336 3 100.0 -1
-100638848 1 0.0 -1
-1657333577 0 -100.0 -1
-1975631940 4 0.0 -1
-1892472137 0 -100.0 -1
1535090427 0 -100.0 -1
281478467 5 -100.0 -1
1975472180 2 100.0 -1
-1551092224 4 100.0 -1
1543932310 2 0.0 -1
-1433571555 3 -100.0 -1
-1834109128 1 0.0 -1
-1972776961 6 -100.0 -1
-642495454 3 0.0 -1
-1334946312 0 100.0 -1
155299033 3 -100.0 -1
43693824 0 100.0 -1
1545283968 3 0.0 -1
625324249 3 -100.0 -1
-542971332 0 0.0 -1
-790887041 2 -100.0 -1
1734947520 1 0.0 -1
1470898695 1 -100.0 -1
-1481293282 1 0.0 -1
1776847940 0 100.0 -1
-578283464 1 0.0 -1
1365890269 2 -100.0 -1
758777984 6 0.0 -1
-1368986663 3 -100.0 -1
-1029777570 2 0.0 -1
-751237384 0 100.0 -1
-117359421 2 -100.0 -1
-1367188668 4 0.0 -1
832762985 2 -100.0 -1
59758147 2 -100.0 -1
705548224 3 100.0 -1
1618662839 4 -100.0 -1
-1146167684 6 0.0 -1
-653173561 4 -100.0 -1
1120515857 1 -100.0 -1
-773045196 0 0.0 -1
798571072 2 0.0 -1
-756844737 4 -100.0 -1
-1907971162 2 0.0 -1
379396988 3 0.0 -1
-1787199334 3 0.0 -1
-1537531460 1 0.0 -1
-2055077787 3 -100.0 -1
1625126199 1 -100.0 -1
774650816 3 100.0 -1
-1903682714 3 0.0 -1
-890765547 3 -100.0 -1
1098577032 0 0.0 -1
-1497377980 2 0.0 -1
-624226505 3 -100.0 -1
-39851934 1 0.0 -1
1605442124 6 0.0 -1
603538948 3 100.0 -1
1397089979 2 -100.0 -1
725114567 4 -100.0 -1
-859850052 2 0.0 -1
1065322875 4 -100.0 -1
598332833 3 -100.0 -1
16701172 3 0.0 -1
965713792 0 0.0 -1
1579743288 2 0.0 -1
-1213353540 0 100.0 -1
-798321029 3 -100.0 -1
-571515909 4 -100.0 -1
101789700 3 100.0 -1
735264196 6 0.0 -1
-94061444 5 0.0 -1
593302852 2 0.0 -1
565688233 5 -100.0 -1
-1448837244 1 0.0 -1
505071679 3 -100.0 -1
-286385955 1 -100.0 -1
-1164006230 4 0.0 -1
-792148228 1 0.0 -1
595342652 2 0.0 -1
1048647876 2 0.0 -1
-2126915716 3 100.0 -1
1978053537 5 -100.0 -1
353403737 0 -100.0 -1
-117096628 4 0.0 -1
1913881689 3 -100.0 -1
-1429132134 3 0.0 -1
-1148928568 0 0.0 -1
762387260 4 0.0 -1
-1240645565 0 -100.0 -1
838358953 6 -100.0 -1
728124724 6 0.0 -1
43283648 5 0.0 -1
-1717092353 1 -100.0 -1
-940871243 3 -100.0 -1
-371503228 5 0.0 -1
-1793551493 4 -100.0 -1
1009527368 3 0.0 -1
1251753211 0 -100.0 -1
-2009735587 5 -100.0 -1
-1840204744 5 0.0 -1
-1093945183 1 -100.0 -1
1125283192 6 0.0 -1
1217847035 0 -100.0 -1
1089570432 3 0.0 -1
-1548995106 3 0.0 -1
717831355 2 -100.0 -1
-1716109372 6 0.0 -1
89080632 3 0.0 -1
443235346 4 0.0 -1
-1396639044 6 0.0 -1
-1493151364 1 0.0 -1
-1359017856 2 0.0 -1
-234314616 4 0.0 -1
1457942629 6 -100.0 -1
-304559267 1 -100.0 -1
-733310268 4 100.0 -1
703410044 6 0.0 -1
-1185759293 2 -100.0 -1
-242497767 5 -100.0 -1
-90551288 4 0.0 -1
-2133830077 6 -100.0 -1
1751670524 3 0.0 -1
-405442240 3 100.0 -1
1793809532 5 0.0 -1
-826488795 3 -100.0 -1
-505284737 3 -100.0 -1
874930820 1 0.0 -1
-768760696 4 0.0 -1
467856708 4 0.0 -1
-1687245372 6 0.0 -1
1825786495 1 -100.0 -1
1619428906 6 0.0 -1
2010378620 5 0.0 -1
800356612 1 0.0 -1
-1347290880 1 0.0 -1
-162184986 2 100.0 -1
544274116 4 0.0 -1
-480070187 5 -100.0 -1
-977431801 2 -100.0 -1
1692230241 2 -100.0 -1
-1243667615 0 -100.0 -1
803121505 3 -100.0 -1
-2059123836 1 0.0 -1
1358739004 0 0.0 -1
-929202595 1 -100.0 -1
1853667516 6 0.0 -1
-461491524 4 0.0 -1
830871364 6 0.0 -1
272611068 5 0.0 -1
2126039164 3 0.0 -1
159465284 4 0.0 -1
2043801366 2 0.0 -1
-927613316 1 0.0 -1
-1250757704 6 0.0 -1
1024367556 2 0.0 -1
2125977724 3 0.0 -1
-2045001525 0 -100.0 -1
-885404183 3 -100.0 -1
-1352627785 3 -100.0 -1
-1365510076 6 0.0 -1
866215236 3 0.0 -1
196730206 3 0.0 -1
995589567 0 -100.0 -1
-2079280389 4 -100.0 -1
-1696916432 3 100.0 -1
282330687 4 -100.0 -1
1799867818 4 0.0 -1
-1290361371 1 -100.0 -1
-268666616 4 0.0 -1
209447552 2 0.0 -1
-2126420036 6 0.0 -1
-256362568 3 0.0 -1
629760648 4 0.0 -1
-1962247160 0 0.0 -1
310072703 2 -100.0 -1
617505736 2 100.0 -1
-155311688 2 0.0 -1
-834414268 2 0.0 -1
-793040969 3 -100.0 -1
-1757482960 3 0.0 -1
-2052185439 1 -100.0 -1
-1439580895 5 -100.0 -1
-1832000035 3 -100.0 -1
-388579385 2 -100.0 -1
-535382268 1 0.0 -1
-1724441055 1 -100.0 -1
1572379298 4 0.0 -1
-245246340 3 0.0 -1
1801542780 3 0.0 -1
624968285 1 -100.0 -1
-1240071928 2 100.0 -1
1834674756 4 0.0 -1
-328148139 1 -100.0 -1
-596903097 0 -100.0 -1
881521592 5 0.0 -1
2034658940 5 0.0 -1
-1065400508 2 0.0 -1
1220902904 2 0.0 -1
821364680 1 0.0 -1
-8341312 3 0.0 -1
1354602492 5 0.0 -1
-1843362463 3 -100.0 -1
2147043512 3 0.0 -1
-1243446623 5 -100.0 -1
-264632452 3 0.0 -1
-1186423292 5 0.0 -1
-779774264 5 0.0 -1
-1666298911 3 -100.0 -1
-2058235392 2 0.0 -1
1257840045 3 -100.0 -1
804022456 3 0.0 -1
-270882685 1 -100.0 -1
826066529 3 -100.0 -1
90473019 1 -100.0 -1
-522176640 2 0.0 -1
-1843722885 4 -100.0 -1
-117702758 1 0.0 -1
1563417155 4 -100.0 -1
-993197124 0 0.0 -1
2041695939 2 -100.0 -1
498105028 6 0.0 -1
598303965 1 -100.0 -1
1152648128 1 0.0 -1
272471883 5 -100.0 -1
-1021754271 3 -100.0 -1
-1396581444 6 0.0 -1
-706399643 3 -100.0 -1
501570145 3 -100.0 -1
-1979613820 1 0.0 -1
1576110708 2 0.0 -1
2002354398 4 0.0 -1
1833773764 2 0.0 -1
-647975190 0 0.0 -1
1989185821 3 -100.0 -1
1976414784 5 0.0 -1
-827143876 4 100.0 -1
-75997975 3 -100.0 -1
697466372 3 0.0 -1
-1835518705 2 -100.0 -1
1381561792 5 0.0 -1
44188987 3 -100.0 -1
1780120960 4 0.0 -1
1985663431 4 -100.0 -1
-1134212104 6 100.0 -1
-534255688 0 0.0 -1
-1851853249 4 -100.0 -1
270432188 2 0.0 -1
1935914176 1 100.0 -1
290932468 3 0.0 -1
-3925919 3 -100.0 -1
379707656 2 0.0 -1
852972924 3 0.0 -1
672649147 1 -100.0 -1
-1802128581 2 -100.0 -1
-1275980733 5 -100.0 -1
-1800137981 4 -100.0 -1
-977997309 4 -100.0 -1
1593338176 1 0.0 -1
1802808524 6 0.0 -1
570086979 2 -100.0 -1
1084176165 3 -100.0 -1
2047434163 5 -100.0 -1
1309391287 0 -100.0 -1
-683269896 6 0.0 -1
945237993 3 -100.0 -1
-276363208 1 0.0 -1
-222616316 1 0.0 -1
-235203004 2 100.0 -1
1326504145 3 -100.0 -1
-541742985 2 -100.0 -1
-1123820864 3 0.0 -1
285484736 1 0.0 -1
480623457 5 -100.0 -1
1287445368 0 0.0 -1
1329019120 2 100.0 -1
1299147429 3 -100.0 -1
-313947517 4 -100.0 -1
1031043775 0 -100.0 -1
265066496 4 0.0 -1
592032900 1 0.0 -1
1614161893 5 -100.0 -1
978554240 0 0.0 -1
1249275301 3 -100.0 -1
-284481315 1 -100.0 -1
2128095492 1 0.0 -1
-1874684003 3 -100.0 -1
1079531448 3 100.0 -1
361054821 4 -100.0 -1
672649207 4 -100.0 -1
-1251560828 1 0.0 -1
1016572784 0 0.0 -1
-1885034429 2 -100.0 -1
874988480 1 0.0 -1
-1999339716 4 0.0 -1
220986048 3 100.0 -1
-1933239511 1 -100.0 -1
-1636882045 4 -100.0 -1
-1666139299 5 -100.0 -1
-844764600 3 0.0 -1
-774740447 0 -100.0 -1
-1722757467 3 -100.0 -1
71611324 4 0.0 -1
901730884 6 0.0 -1
1371866683 6 -100.0 -1
-1381279147 1 -100.0 -1
758654267 5 -100.0 -1
-1770013060 5 0.0 -1
-207307870 4 0.0 -1
1420004517 3 -100.0 -1
-1495720226 4 100.0 -1
902442432 3 0.0 -1
1254560460 2 100.0 -1
-227112328 1 0.0 -1
359423356 5 0.0 -1
-1926404804 2 100.0 -1
1558942968 0 0.0 -1
-1141967880 4 100.0 -1
991232771 5 -100.0 -1
2094150852 0 0.0 -1
369856029 3 -100.0 -1
-1997844228 3 0.0 -1
277203101 3 -100.0 -1
832321920 3 0.0 -1
1352771712 6 100.0 -1
-521963324 0 100.0 -1
242206279 4 -100.0 -1
1150094502 2 0.0 -1
390639462 3 0.0 -1
1270244228 1 0.0 -1
863353664 1 0.0 -1
-63536128 4 100.0 -1
-1667504991 4 -100.0 -1
1295996163 3 -100.0 -1
1016890529 1 -100.0 -1
1203740544 4 100.0 -1
1184169685 1 -100.0 -1
-1752727616 3 0.0 -1
-1590957727 1 -100.0 -1
992654177 3 -100.0 -1
383069849 3 -100.0 -1
1770815936 1 0.0 -1
852613789 3 -100.0 -1
-1775124868 1 0.0 -1
-372936312 0 0.0 -1
-1987120674 3 0.0 -1
666009569 3 -100.0 -1
1195532053 2 -100.0 -1
-1720856268 2 0.0 -1
1876580224 6 100.0 -1
335137698 2 0.0 -1
-568830396 2 0.0 -1
-421376324 6 0.0 -1
771864158 0 0.0 -1
928743227 4 -100.0 -1
593820420 1 100.0 -1
572136059 0 -100.0 -1
1357105280 2 0.0 -1
-1649580600 2 0.0 -1
1298224391 3 -100.0 -1
1073485722 0 0.0 -1
-1359448418 1 0.0 -1
-422359365 6 -100.0 -1
-2119558720 3 100.0 -1
-1672887259 3 -100.0 -1
2094318776 1 0.0 -1
-1210699845 6 -100.0 -1
-915263232 2 100.0 -1
-596478969 2 -100.0 -1
1555846343 0 -100.0 -1
-1220833468 4 0.0 -1
-1430834633 4 -100.0 -1
-1843258714 2 0.0 -1
-412557343 3 -100.0 -1
-1200336641 2 -100.0 -1
-578226940 2 0.0 -1
-2005716767 3 -100.0 -1
-1452854785 6 -100.0 -1
57154548 3 100.0 -1
-1581254367 1 -100.0 -1
912576251 3 -100.0 -1
-58899235 3 -100.0 -1
-739898556 5 0.0 -1
-1830589888 2 0.0 -1
-985502239 2 -100.0 -1
-454415296 1 0.0 -1
1701133768 3 0.0 -1
-1599117312 4 0.0 -1
1467236292 2 0.0 -1
-776947456 4 0.0 -1
-2144057209 2 -100.0 -1
1827185758 4 0.0 -1
-578841144 5 0.0 -1
-1187221116 5 0.0 -1
-1267737392 3 0.0 -1
1749028992 1 0.0 -1
-1729626071 1 -100.0 -1
-546871387 3 -100.0 -1
-1241059644 3 0.0 -1
-1107786436 3 0.0 -1
1144175860 3 0.0 -1
-878750887 3 -100.0 -1
1183714888 1 0.0 -1
1139096354 3 0.0 -1
1991609980 1 0.0 -1
-463266646 0 0.0 -1
1420004457 3 -100.0 -1
925253610 2 100.0 -1
649289340 1 0.0 -1
-85487049 6 -100.0 -1
420250077 0 -100.0 -1
753624127 4 -100.0 -1
-135471301 2 -100.0 -1
-754824226 4 0.0 -1
35187396 6 0.0 -1
1965276671 6 -100.0 -1
2141648763 3 -100.0 -1
-899161416 1 0.0 -1
-235054814 3 0.0 -1
-1979075863 3 -100.0 -1
64654136 1 0.0 -1
1792741951 4 -100.0 -1
-1160101316 6 0.0 -1
-23861637 4 -100.0 -1
-1872803657 4 -100.0 -1
350567436 5 0.0 -1
-1842713917 2 -100.0 -1
-1303606596 2 0.0 -1
576051877 3 -100.0 -1
-311245440 6 100.0 -1
-846494340 3 0.0 -1
-836430115 2 -100.0 -1
582093384 3 100.0 -1
-1207976188 3 0.0 -1
1606821688 2 0.0 -1
888884228 5 0.0 -1
1790559164 0 0.0 -1
-1099278465 2 -100.0 -1
1362810940 0 0.0 -1
-251443196 5 0.0 -1
386592260 3 100.0 -1
-953266625 4 -100.0 -1
-937791224 2 0.0 -1
271554876 4 100.0 -1
-540526882 3 0.0 -1
327813789 3 -100.0 -1
828754044 3 100.0 -1
744461635 1 -100.0 -1
56732287 1 -100.0 -1
-1363355747 0 -100.0 -1
-560597065 4 -100.0 -1
-564390017 2 -100.0 -1
-1441017025 6 -100.0 -1
-1278649619 6 -100.0 -1
1657220066 2 100.0 -1
120585736 6 0.0 -1
-989295583 5 -100.0 -1
612068689 3 -100.0 -1
936255201 3 -100.0 -1
1083537829 3 -100.0 -1
-1282602308 2 0.0 -1
1532396133 1 -100.0 -1
-1136528012 3 0.0 -1
112361348 5 0.0 -1
-373350268 5 100.0 -1
-616988153 6 -100.0 -1
-824117282 0 0.0 -1
-855636929 0 -100.0 -1
-1799610884 3 100.0 -1
1597879935 5 -100.0 -1
-1528349275 3 -100.0 -1
1010640255 4 -100.0 -1
-882699739 3 -100.0 -1
-738968909 6 -100.0 -1
422096997 0 -100.0 -1
286341184 2 0.0 -1
1408182972 6 0.0 -1
-1522598806 1 0.0 -1
254084732 3 0.0 -1
-643510017 4 -100.0 -1
1089382796 3 0.0 -1
909713245 3 -100.0 -1
-2094949820 1 0.0 -1
-462373611 3 -100.0 -1
-1958489563 3 -100.0 -1
-825960542 6 0.0 -1
-468341384 0 0.0 -1
980316931 3 -100.0 -1
1919851264 0 0.0 -1
-418165124 1 0.0 -1
722850405 1 -100.0 -1
-1584867080 4 0.0 -1
264550064 3 100.0 -1
361110780 1 100.0 -1
968925372 4 100.0 -1
-1468067581 4 -100.0 -1
-1065256452 1 0.0 -1
2110452916 2 0.0 -1
-214037952 2 0.0 -1
945856798 0 0.0 -1
-208123367 3 -100.0 -1
-281483588 6 0.0 -1
-1565566166 3 0.0 -1
1026925756 4 100.0 -1
-1119439672 1 0.0 -1
1389992790 3 0.0 -1
-938225280 0 0.0 -1
-1323976573 6 -100.0 -1
1827505531 4 -100.0 -1
492016836 0 100.0 -1
-1516540928 2 0.0 -1
-2031964292 5 0.0 -1
-112803610 4 0.0 -1
1055090499 2 -100.0 -1
153030844 4 0.0 -1
-93543484 0 0.0 -1
-154030216 4 0.0 -1
420192417 1 -100.0 -1
1517732829 5 -100.0 -1
812902878 4 0.0 -1
-938225220 0 0.0 -1
1022641476 2 0.0 -1
-373891068 3 0.0 -1
-1852524511 2 -100.0 -1
-1848416151 3 -100.0 -1
-847559488 1 0.0 -1
1023841476 5 0.0 -1
-629201988 0 0.0 -1
-976376824 4 100.0 -1
-331774468 1 0.0 -1
2142901879 2 -100.0 -1
1963375816 3 0.0 -1
156307584 0 0.0 -1
566192234 2 0.0 -1
391806592 1 0.0 -1
1436593276 5 0.0 -1
1429187827 3 -100.0 -1
1713201088 1 0.0 -1
652463932 2 0.0 -1
-2065933000 3 0.0 -1
-450872124 2 0.0 -1
-908734404 2 0.0 -1
630684796 1 0.0 -1
1163373755 2 -100.0 -1
430829632 3 0.0 -1
-1737875068 1 0.0 -1
435146752 2 0.0 -1
213177668 2 0.0 -1
-4647352 3 0.0 -1
1543156235 6 -100.0 -1
-690450647 1 -100.0 -1
34262015 4 -100.0 -1
1784058785 1 -100.0 -1
-1393482488 2 100.0 -1
494277772 5 0.0 -1
-559827110 2 0.0 -1
108851072 4 100.0 -1
-816392535 2 -100.0 -1
1365064541 5 -100.0 -1
-727953763 3 -100.0 -1
-2117776444 3 0.0 -1
-1929152768 1 0.0 -1
1136495035 3 -100.0 -1
-12069568 3 100.0 -1
608378436 0 0.0 -1
159150971 4 -100.0 -1
-839559172 1 0.0 -1
-1220301496 2 0.0 -1
747861661 3 -100.0 -1
1213370947 6 -100.0 -1
-708964442 2 100.0 -1
-1224389347 3 -100.0 -1
-807856704 5 0.0 -1
1237046177 1 -100.0 -1
1764041535 4 -100.0 -1
-1997561100 5 0.0 -1
1142701568 2 0.0 -1
-404582916 3 100.0 -1
2047029281 4 -100.0 -1
-359010116 0 0.0 -1
2086348412 3 0.0 -1
-1817962109 3 -100.0 -1
-1659885768 5 0.0 -1
-1672104324 3 100.0 -1
-225150789 6 -100.0 -1
-7387716 0 0.0 -1
-1946893881 0 -100.0 -1
-1158553401 2 -100.0 -1
-768776166 1 0.0 -1
-1265668424 1 0.0 -1
1031391040 3 0.0 -1
154092309 5 -100.0 -1
-266397151 2 -100.0 -1
-1728048321 3 -100.0 -1
-1694441153 4 -100.0 -1
1134250458 0 0.0 -1
46901379 5 -100.0 -1
-750249728 0 0.0 -1
-449351812 1 0.0 -1
273279492 5 0.0 -1
1240380321 5 -100.0 -1
1909865351 2 -100.0 -1
724636005 5 -100.0 -1
1558648496 3 0.0 -1
1622108920 6 0.0 -1
-790390085 4 -100.0 -1
-280754919 1 -100.0 -1
791233911 3 -100.0 -1
-1593742498 3 0.0 -1
1266491677 2 -100.0 -1
-1171783616 0 0.0 -1
789755259 4 -100.0 -1
1433038596 3 0.0 -1
-210773760 0 0.0 -1
-1658046653 2 -100.0 -1
-1089972872 6 0.0 -1
-735154594 3 0.0 -1
1234047996 1 0.0 -1
-1908136905 4 -100.0 -1
-2134635849 4 -100.0 -1
-489613147 3 -100.0 -1
-355794756 4 0.0 -1
-2024211167 1 -100.0 -1
-2106042364 1 0.0 -1
2071933439 2 -100.0 -1
1564104632 3 0.0 -1
1228460988 0 0.0 -1
-272362176 0 0.0 -1
1446603964 2 0.0 -1
-609283799 5 -100.0 -1
-1400838649 0 -100.0 -1
-405848760 5 0.0 -1
5855953 3 -100.0 -1
893980611 3 -100.0 -1
-428389124 3 100.0 -1
1460198787 4 -100.0 -1
-1525973113 2 -100.0 -1
-66189693 0 -100.0 -1
1959972445 3 -100.0 -1
-557058978 2 0.0 -1
-568560512 4 0.0 -1
1519005717 3 -100.0 -1
-775787683 2 -100.0 -1
-60442940 1 0.0 -1
-1697640332 3 0.0 -1
-1501889314 0 0.0 -1
1132759330 3 0.0 -1
1367739169 2 -100.0 -1
466989436 5 100.0 -1
1034872580 1 0.0 -1
799565059 0 -100.0 -1
-896425924 6 100.0 -1
345488952 3 100.0 -1
804599107 2 -100.0 -1
2109724424 0 0.0 -1
25037767 0 -100.0 -1
1840887556 5 100.0 -1
2008407304 4 0.0 -1
-545614396 0 0.0 -1
-390307325 3 -100.0 -1
610655909 3 -100.0 -1
-465760516 3 0.0 -1
1021642278 0 0.0 -1
-1250824268 4 0.0 -1
-655732190 0 0.0 -1
-1865491964 5 0.0 -1
1689468536 0 0.0 -1
1338803456 2 0.0 -1
-909085949 0 -100.0 -1
56629687 4 -100.0 -1
22322051 0 -100.0 -1
-2132477380 5 0.0 -1
364900197 2 -100.0 -1
-908352768 3 0.0 -1
-1836017589 2 -100.0 -1
1893460484 1 0.0 -1
478230110 4 0.0 -1
1247981696 4 0.0 -1
954073659 2 -100.0 -1
-1451220115 5 -100.0 -1
645188743 5 -100.0 -1
-1892616764 0 0.0 -1
-1006248196 3 0.0 -1
1692671517 3 -100.0 -1
-2053210267 1 -100.0 -1
-1348831903 2 -100.0 -1
-209868413 2 -100.0 -1
1702907520 0 0.0 -1
663125127 2 -100.0 -1
-1911364335 3 -100.0 -1
587429888 0 0.0 -1
365027012 6 0.0 -1
-1497494088 3 0.0 -1
-1716157764 0 0.0 -1
-71978820 0 0.0 -1
1156263905 5 -100.0 -1
1001844924 0 0.0 -1
1234051716 1 100.0 -1
1521435041 5 -100.0 -1
37357876 0 100.0 -1
386477081 1 -100.0 -1
1906993851 2 -100.0 -1
1118316988 6 0.0 -1
-1969827456 0 0.0 -1
251700250 3 0.0 -1
-1587832256 1 0.0 -1
-128085184 3 100.0 -1
534832320 1 0.0 -1
1474993352 3 0.0 -1
1432780352 1 0.0 -1
-1280812928 2 100.0 -1
-169132349 1 -100.0 -1
-1224168415 5 -100.0 -1
-642866556 1 0.0 -1
-299334396 1 0.0 -1
-1938856128 3 0.0 -1
1544243003 2 -100.0 -1
104418572 2 0.0 -1
487818789 3 -100.0 -1
-1479217950 0 100.0 -1
1619803067 2 -100.0 -1
968299136 0 0.0 -1
1249288524 4 0.0 -1
-880873408 3 0.0 -1
-333887706 1 0.0 -1
1843492574 3 0.0 -1
-1377642787 3 -100.0 -1
-574830852 5 0.0 -1
1592464810 3 0.0 -1
-1828877889 0 -100.0 -1
-878014231 3 -100.0 -1
-340528901 4 -100.0 -1
-854649273 3 -100.0 -1
-1134135507 3 -100.0 -1
791659617 3 -100.0 -1
-1793962403 1 -100.0 -1
-1137444996 3 0.0 -1
1309971780 2 0.0 -1
1882016636 5 0.0 -1
-1815484259 3 -100.0 -1
-482432918 0 0.0 -1
-1814951801 2 -100.0 -1
229279484 1 0.0 -1
-995581953 2 -100.0 -1
-1779085651 3 -100.0 -1
1570166476 4 100.0 -1
868247710 2 0.0 -1
-832170752 4 0.0 -1
-1407674497 2 -100.0 -1
-1964179068 1 0.0 -1
1779208550 1 100.0 -1
475309887 3 -100.0 -1
-1345579871 2 -100.0 -1
-1265586177 0 -100.0 -1
1945221252 3 0.0 -1
-302487936 6 0.0 -1
-75009793 6 -100.0 -1
-1547560776 3 0.0 -1
-366784162 2 0.0 -1
-818011072 0 0.0 -1
-1588405715 3 -100.0 -1
365043264 1 0.0 -1
38934998 0 0.0 -1
-429212190 5 0.0 -1
-637144692 1 0.0 -1
248087875 0 -100.0 -1
1362565819 4 -100.0 -1
241944037 0 -100.0 -1
733237307 2 -100.0 -1
-1226125960 4 0.0 -1
-377793823 3 -100.0 -1
1150557960 4 0.0 -1
-1369463360 1 0.0 -1
379772160 6 100.0 -1
-2053026300 5 0.0 -1
-1901468416 4 100.0 -1
-451547460 2 0.0 -1
192508104 3 100.0 -1
343089096 3 0.0 -1
788010308 3 0.0 -1
1467600059 6 -100.0 -1
1723055480 4 0.0 -1
-1368156740 6 100.0 -1
-1823713149 4 -100.0 -1
-154145536 4 0.0 -1
-173416840 1 0.0 -1
585644348 0 100.0 -1
1280747392 2 0.0 -1
1343523779 5 -100.0 -1
1080757180 2 0.0 -1
1977241088 6 0.0 -1
552037180 0 0.0 -1
1260130496 6 0.0 -1
-1279915927 3 -100.0 -1
-450310456 3 100.0 -1
1671317631 2 -100.0 -1
1792966975 4 -100.0 -1
2032014076 5 0.0 -1
1077672926 2 0.0 -1
525968572 4 0.0 -1
1947746303 3 -100.0 -1
-1643309595 5 -100.0 -1
722526459 4 -100.0 -1
2007989316 4 0.0 -1
-220948168 1 0.0 -1
-1231540876 5 0.0 -1
1782759853 4 -100.0 -1
-1760289541 0 -100.0 -1
118885606 3 0.0 -1
989118724 3 0.0 -1
-2144195648 3 0.0 -1
1649031615 4 -100.0 -1
-570608117 3 -100.0 -1
2090747746 5 0.0 -1
1291391231 2 -100.0 -1
-1221543108 0 0.0 -1
1808455620 4 0.0 -1
131001310 4 0.0 -1
2077444032 1 0.0 -1
-678163584 2 0.0 -1
502657506 2 0.0 -1
1285959864 1 100.0 -1
1611996212 4 0.0 -1
1335374780 4 0.0 -1
1627364570 2 0.0 -1
1926262527 6 -100.0 -1
-1601221445 2 -100.0 -1
-688338240 3 0.0 -1
1434638779 6 -100.0 -1
-237421086 1 0.0 -1
1941487492 1 0.0 -1
853253862 2 0.0 -1
422728972 3 100.0 -1
264496124 3 0.0 -1
-750944388 5 0.0 -1
1186958076 3 0.0 -1
628771132 4 0.0 -1
-1689839872 4 0.0 -1
1395023725 2 -100.0 -1
742621192 6 100.0 -1
-410481724 2 100.0 -1
608729092 5 0.0 -1
-540609656 4 0.0 -1
818707613 3 -100.0 -1
-1976342943 5 -100.0 -1
356125033 3 -100.0 -1
1086876829 3 -100.0 -1
1699268893 3 -100.0 -1
-1869398844 2 0.0 -1
1699989764 5 100.0 -1
609806336 4 100.0 -1
-348514463 1 -100.0 -1
1765561698 6 0.0 -1
-97945993 3 -100.0 -1
-1351884024 2 0.0 -1
459048760 1 100.0 -1
1033142780 1 0.0 -1
-632994262 0 0.0 -1
-239690279 2 -100.0 -1
380959424 3 100.0 -1
-1915903560 1 0.0 -1
930896644 5 0.0 -1
803054497 5 -100.0 -1
-1346837564 0 0.0 -1
1354939456 1 0.0 -1
888989823 5 -100.0 -1
1263216584 1 0.0 -1
-33529212 1 0.0 -1
1686124548 1 0.0 -1
2087489769 3 -100.0 -1
260469504 6 0.0 -1
-1555517504 5 0.0 -1
695526908 1 0.0 -1
-2106335489 1 -100.0 -1
-1727093376 2 0.0 -1
-1091186075 6 -100.0 -1
-40693501 0 -100.0 -1
1079729347 2 -100.0 -1
863932390 4 0.0 -1
113728093 5 -100.0 -1
1760064628 0 0.0 -1
-962446788 4 0.0 -1
698729787 2 -100.0 -1
256238565 1 -100.0 -1
-1977084280 4 0.0 -1
-2002885572 2 0.0 -1
-1919213252 2 0.0 -1
699864350 6 0.0 -1
-1289109628 1 0.0 -1
1320051203 1 -100.0 -1
-655522749 2 -100.0 -1
-774472328 0 0.0 -1
-1662644152 5 0.0 -1
-5655779 1 -100.0 -1
495399231 4 -100.0 -1
1233511743 4 -100.0 -1
1444641445 3 -100.0 -1
-360610237 6 -100.0 -1
-1350925380 1 100.0 -1
-1346284793 6 -100.0 -1
-1178978948 0 0.0 -1
-1514743425 4 -100.0 -1
1231386025 5 -100.0 -1
174761656 3 0.0 -1
-173139589 3 -100.0 -1
1163028868 3 0.0 -1
266298119 2 -100.0 -1
-1757582367 4 -100.0 -1
-276847710 3 0.0 -1
-1914789632 6 0.0 -1
1021358084 3 0.0 -1
-318275103 3 -100.0 -1
-59899768 4 0.0 -1
1504167232 3 0.0 -1
-963384709 3 -100.0 -1
-276475027 2 -100.0 -1
-567639360 5 0.0 -1
-535524097 2 -100.0 -1
-127507320 0 0.0 -1
1725164092 5 0.0 -1
-930093957 0 -100.0 -1
-2106159488 4 0.0 -1
-1080573087 2 -100.0 -1
-691680708 4 0.0 -1
252625908 1 0.0 -1
1593557511 6 -100.0 -1
-1237386557 2 -100.0 -1
1321529915 2 -100.0 -1
1525065701 5 -100.0 -1
1659125729 3 -100.0 -1
-365160645 3 -100.0 -1
973551360 4 0.0 -1
-1309352708 3 0.0 -1
-240333658 4 0.0 -1
-66785016 6 100.0 -1
-76364161 2 -100.0 -1
1479046437 3 -100.0 -1
-1168672956 6 0.0 -1
-1829388318 2 0.0 -1
-1655386036 4 0.0 -1
-1494463504 6 0.0 -1
-322436626 2 0.0 -1
1926742015 2 -100.0 -1
-568384716 0 0.0 -1
-1990466441 2 -100.0 -1
1766589537 3 -100.0 -1
-881121707 1 -100.0 -1
604805436 0 0.0 -1
174843737 3 -100.0 -1
1297252454 3 0.0 -1
762703939 5 -100.0 -1
-2114433856 3 100.0 -1
13241843 4 -100.0 -1
1692232161 2 -100.0 -1
346089886 6 0.0 -1
-224411743 1 -100.0 -1
1304764548 5 0.0 -1
-1189092258 2 0.0 -1
-442541859 1 -100.0 -1
1996958272 1 0.0 -1
1018487292 3 100.0 -1
1758111104 2 100.0 -1
-217313728 1 0.0 -1
206393603 5 -100.0 -1
-1435474113 4 -100.0 -1
-1218536952 0 0.0 -1
1994345348 3 0.0 -1
-546745801 3 -100.0 -1
204125 3 -100.0 -1
356075622 4 0.0 -1
1004312195 4 -100.0 -1
635672707 3 -100.0 -1
-1390260160 3 0.0 -1
-1702447131 5 -100.0 -1
392124988 1 100.0 -1
-1351659000 2 100.0 -1
-483578300 4 0.0 -1
1201031932 5 100.0 -1
434336904 4 0.0 -1
-521392768 4 0.0 -1
514634688 5 0.0 -1
86886464 5 0.0 -1
-1153522100 6 0.0 -1
969032887 4 -100.0 -1
2064950881 0 -100.0 -1
1119182787 3 -100.0 -1
-402651785 2 -100.0 -1
-31247527 3 -100.0 -1
-2112336027 5 -100.0 -1
-230523076 2 0.0 -1
629610744 2 100.0 -1
-993506889 4 -100.0 -1
-192579324 1 0.0 -1
1194670775 4 -100.0 -1
-660691683 1 -100.0 -1
851185464 3 0.0 -1
-805212796 5 0.0 -1
786641765 1 -100.0 -1
-435565693 4 -100.0 -1
1911442533 2 -100.0 -1
-1158383745 2 -100.0 -1
168920989 3 -100.0 -1
447813439 4 -100.0 -1
-1678596484 3 0.0 -1
-594136825 3 -100.0 -1
1517250556 1 0.0 -1
-1655205693 2 -100.0 -1
1304965213 5 -100.0 -1
1561419908 1 0.0 -1
-1354755363 0 -100.0 -1
1508222075 4 -100.0 -1
61795888 3 0.0 -1
819957056 1 0.0 -1
163804257 3 -100.0 -1
-1758713208 6 0.0 -1
-1642564676 4 0.0 -1
1301811260 2 0.0 -1
842108825 1 -100.0 -1
-99330116 2 0.0 -1
288013440 4 0.0 -1
-333991492 0 0.0 -1
-321408644 5 0.0 -1
946435524 0 0.0 -1
-598625793 2 -100.0 -1
-996751048 2 0.0 -1
-1730521740 3 0.0 -1
599330326 1 0.0 -1
1265063624 1 0.0 -1
846475207 2 -100.0 -1
632477700 5 0.0 -1
-357161216 0 0.0 -1
683267328 4 100.0 -1
-1245550472 2 0.0 -1
767987832 4 0.0 -1
1564868740 5 0.0 -1
-179853184 2 100.0 -1
-1609040444 6 0.0 -1
-551542028 5 0.0 -1
-766464120 0 0.0 -1
-92317787 3 -100.0 -1
-1504175228 3 0.0 -1
559426695 2 -100.0 -1
-447199097 2 -100.0 -1
1306337340 2 0.0 -1
1540699700 4 0.0 -1
698827844 2 100.0 -1
-792351454 1 0.0 -1
-1308000287 3 -100.0 -1
-1603609216 4 0.0 -1
1787864956 3 100.0 -1
-1206815236 2 0.0 -1
-539655621 6 -100.0 -1
1333047940 1 0.0 -1
772543484 5 100.0 -1
-1703798912 2 0.0 -1
-428385404 3 100.0 -1
730769019 3 -100.0 -1
646642556 1 0.0 -1
-1594663676 1 0.0 -1
271883715 3 -100.0 -1
-1816256956 0 100.0 -1
1239577630 1 0.0 -1
-1837265024 0 0.0 -1
1703131260 3 0.0 -1
1610400259 6 -100.0 -1
1802929527 3 -100.0 -1
-443208803 3 -100.0 -1
-990733573 4 -100.0 -1
-1531532612 3 0.0 -1
1447708736 3 0.0 -1
1642156010 0 0.0 -1
499348424 2 0.0 -1
1083244189 3 -100.0 -1
2032518964 0 0.0 -1
1856848063 3 -100.0 -1
-1567343488 2 0.0 -1
-2032879416 5 0.0 -1
-1140837859 3 -100.0 -1
-1367195483 3 -100.0 -1
-406074910 0 0.0 -1
1949628953 5 -100.0 -1
1131400512 2 0.0 -1
1665596777 3 -100.0 -1
-317496542 4 0.0 -1
1181866048 1 100.0 -1
-2030241596 4 0.0 -1
2055312572 0 0.0 -1
-1422174853 2 -100.0 -1
2118152196 3 100.0 -1
726029571 4 -100.0 -1
407246336 0 0.0 -1
217150113 5 -100.0 -1
1771345856 3 100.0 -1
80861831 6 -100.0 -1
-437310536 3 0.0 -1
-1214481980 2 0.0 -1
-916105412 4 0.0 -1
2011724212 2 0.0 -1
471822912 3 100.0 -1
-1017000704 4 100.0 -1
-530473472 6 100.0 -1
-1536747004 1 0.0 -1
231953332 3 0.0 -1
1643016068 5 0.0 -1
157161268 0 0.0 -1
2116673604 2 0.0 -1
-1728817510 0 0.0 -1
-1296986941 5 -100.0 -1
-783605960 3 0.0 -1
1192515937 3 -100.0 -1
-202490471 1 -100.0 -1
1502377972 3 0.0 -1
-985871548 0 0.0 -1
817532611 2 -100.0 -1
-1304388548 4 0.0 -1
-1562698587 3 -100.0 -1
1721944098 3 0.0 -1
-545160960 6 100.0 -1
1712191616 6 0.0 -1
1435183876 1 0.0 -1
-1162759131 3 -100.0 -1
921258108 3 0.0 -1
-1114254589 5 -100.0 -1
806588036 1 0.0 -1
1347972804 6 0.0 -1
-601955652 0 0.0 -1
-1494841276 3 0.0 -1
-67119783 3 -100.0 -1
1769727965 3 -100.0 -1
1210566272 6 0.0 -1
246050819 4 -100.0 -1
-1563288456 0 0.0 -1
2123706431 0 -100.0 -1
-1530234271 3 -100.0 -1
477508317 4 -100.0 -1
76614204 0 0.0 -1
483476092 3 0.0 -1
1888878136 3 0.0 -1
1992886395 4 -100.0 -1
-1813000867 3 -100.0 -1
-1607360888 4 0.0 -1
853822557 5 -100.0 -1
-1136643332 3 100.0 -1
-172324092 5 100.0 -1
840588453 1 -100.0 -1
-1715161340 1 0.0 -1
1054470173 3 -100.0 -1
-308247707 3 -100.0 -1
-2140528990 4 0.0 -1
-842071289 2 -100.0 -1
-1236580224 6 0.0 -1
-1659649059 5 -100.0 -1
-2101932954 2 0.0 -1
1172134664 0 100.0 -1
418731565 3 -100.0 -1
-999204182 6 0.0 -1
421033924 5 0.0 -1
-190961088 1 0.0 -1
1898053568 3 0.0 -1
-1130249664 3 0.0 -1
273559210 0 100.0 -1
1771800447 2 -100.0 -1
-304643277 3 -100.0 -1
1038213895 6 -100.0 -1
-826539942 5 0.0 -1
1720289378 1 0.0 -1
-1255334976 3 0.0 -1
178889796 2 0.0 -1
688990204 5 0.0 -1
-1284461184 4 0.0 -1
-1233639288 2 100.0 -1
-1791886397 5 -100.0 -1
2022475391 2 -100.0 -1
57916807 3 -100.0 -1
-1186691149 2 -100.0 -1
1652231299 5 -100.0 -1
2139861363 3 -100.0 -1
857468386 1 100.0 -1
-570723584 1 0.0 -1
1917066431 4 -100.0 -1
-1585430660 5 0.0 -1
461227392 3 0.0 -1
-1879330565 1 -100.0 -1
1741478088 1 0.0 -1
673593122 3 0.0 -1
489083426 0 0.0 -1
-789061633 1 -100.0 -1
1989605789 3 -100.0 -1
1244235045 3 -100.0 -1
1251292548 3 100.0 -1
-2037229184 2 100.0 -1
1380584797 5 -100.0 -1
-1357172736 2 0.0 -1
728126584 6 0.0 -1
-828456516 0 0.0 -1
1858470369 3 -100.0 -1
1100218036 5 0.0 -1
-966952585 3 -100.0 -1
-1895051231 3 -100.0 -1
1976150757 2 -100.0 -1
642902399 2 -100.0 -1
-1431595644 5 0.0 -1
1240782532 0 0.0 -1
1504695965 3 -100.0 -1
-305396993 2 -100.0 -1
1669979327 3 -100.0 -1
-292195934 1 0.0 -1
-1129413735 5 -100.0 -1
-2088842172 1 0.0 -1
-1972120248 3 0.0 -1
-1405328633 6 -100.0 -1
-1187289600 4 0.0 -1
-809353088 0 0.0 -1
918465020 1 0.0 -1
-178103775 5 -100.0 -1
1866956804 3 100.0 -1
1895755704 6 0.0 -1
1718253858 3 0.0 -1
1114639672 3 0.0 -1
-1026667132 2 0.0 -1
-1928351164 4 0.0 -1
-491557384 2 0.0 -1
592034820 1 0.0 -1
-128936192 0 0.0 -1
-2124632576 6 0.0 -1
-798322889 2 -100.0 -1
1172687547 3 -100.0 -1
361052901 6 -100.0 -1
995693624 3 0.0 -1
548966361 3 -100.0 -1
-1503508224 4 0.0 -1
1036137121 1 -100.0 -1
761782787 0 -100.0 -1
-2088793063 1 -100.0 -1
1823032256 5 100.0 -1
573558084 4 100.0 -1
1101729472 0 0.0 -1
-1244562756 2 0.0 -1
76934136 6 100.0 -1
2039244540 5 0.0 -1
1983031616 5 100.0 -1
469701768 4 0.0 -1
1270301888 1 0.0 -1
-1523393976 3 0.0 -1
723047525 3 -100.0 -1
-1850515917 3 -100.0 -1
-58486016 6 0.0 -1
-1900023492 2 0.0 -1
-682874680 1 0.0 -1
-2088895237 4 -100.0 -1
-564510243 1 -100.0 -1
-1186425152 5 0.0 -1
1829352064 6 0.0 -1
-1672875072 5 0.0 -1
-464491558 1 0.0 -1
1305821790 0 0.0 -1
717886788 6 0.0 -1
-988145016 6 0.0 -1
1647066559 0 -100.0 -1
-1440123460 2 0.0 -1
-653003132 3 100.0 -1
140302276 4 100.0 -1
633666141 5 -100.0 -1
1314726396 3 0.0 -1
-1388145951 3 -100.0 -1
1803277533 1 -100.0 -1
-471675836 0 0.0 -1
-2005239843 5 -100.0 -1
-1763186368 1 0.0 -1
-724247684 5 0.0 -1
1499576008 1 0.0 -1
-606714757 0 -100.0 -1
-49134943 1 -100.0 -1
-1207933004 6 0.0 -1
-1789588755 2 -100.0 -1
1572491783 6 -100.0 -1
-1966918276 3 0.0 -1
230707712 6 0.0 -1
1354248056 0 0.0 -1
428275271 4 -100.0 -1
1592574251 3 -100.0 -1
1899114232 2 0.0 -1
-1732601993 3 -100.0 -1
1498265245 3 -100.0 -1
1196206237 3 -100.0 -1
-1680571392 3 0.0 -1
-765969024 0 0.0 -1
1703172701 1 -100.0 -1
-1480161251 3 -100.0 -1
492933820 0 100.0 -1
274141064 4 0.0 -1
1902108351 1 -100.0 -1
-370887164 2 0.0 -1
-794194104 5 0.0 -1
-1010361311 5 -100.0 -1
1825784635 3 -100.0 -1
-95042116 4 0.0 -1
-863480991 3 -100.0 -1
2032813760 5 0.0 -1
1456097569 2 -100.0 -1
-462369891 3 -100.0 -1
-287760076 6 100.0 -1
1907334720 1 0.0 -1
-1477085180 1 0.0 -1
1450916232 2 100.0 -1
-1433901700 3 0.0 -1
-813096836 1 0.0 -1
1500169885 3 -100.0 -1
-750011204 6 0.0 -1
1438128704 1 0.0 -1
-570154497 2 -100.0 -1
1758319582 1 0.0 -1
1865604036 6 0.0 -1
1732894912 3 100.0 -1
1415935804 0 0.0 -1
473537479 4 -100.0 -1
