2251006144900513017
2177973967253489972
8567512539520337623
8880429067861955922
5415449168474274172
1014360893256745154
1094939096638115022
7630350556996528841
9044435882097718871
8638214239094193777
149306205459696080
8424570836527040420
9131093630118465854
4090837112980715701
3969698222190955285
6540421453558148997
30637460721228055
3210041816578403402
2644007600260326737
4803595698693401428
2745974798529248686
6454971250113908077
6867674957599474945
8448781034503588760
3512536713553461
7020260087340387870
3992296876046001135
2428699866879968985
5775769477020625620
1038570580847321993
4878115958311050998
5770090759770709993
7524959605456580509
6464972711093706444
9197290518258829288
3458978723696198188
941483422430904772
9034458107768351293
2969524395444604144
8954609028122639560
4955251952476605282
4478411123459855993
5864355517644727429
3868584612190308950
758387319276606188
1443980952698024746
2177464282228750388
3224089225143698388
3279617355656098143
575605141114892623
2822577077141945399
6053694366383119386
3364254522616831321
7583398632773801100
5197570416112679696
8935673594988881853
4835891988834956744
571777473792019156
1486324501880905441
1717880073186955539
3812993490905829164
368181602853168816
7524282973299817380
6259346736594494053
1776783113251805325
8093103237443902671
9201076845380618597
6066290087147353993
4320832269810254821
5886900965999172932
6618706330110738009
8108015751114944393
8696900225838635159
3270398478138586808
4694884200848087007
700923727562537772
1660241727794897202
1128521301198653314
6332753325600796751
1846705953699164681
1109880243572113653
9026300956466383034
1714566218818559042
6284996615957729244
